-516 1608 18004
-460 1540 18124
-440 1688 18084
-508 1728 17904
-508 1636 17988
-468 1640 17892
-456 1632 18076
-548 1552 18016
-620 1600 17908
-444 1612 17916
-476 1656 18032
-484 1640 18004
-484 1568 18004
-436 1648 18148
-500 1672 17992
-572 1588 18068
-436 1532 17972
-496 1668 17956
-540 1620 18216
-408 1672 18080
-528 1668 17824
-500 1664 18024
-484 1624 17992
-876 1884 18384
-276 1272 17928
-576 2760 17728
-412 1428 17648
352 1360 18524
244 1184 18192
-408 640 17896
-152 520 18152
-704 692 18036
-1404 1032 17692
-1888 1872 17556
-1672 1644 17740
-1504 1836 17916
-1132 2304 17848
-1208 2380 17788
-1092 2828 17856
-264 552 18068
-264 504 18064
-416 560 18184
-268 580 18048
-344 484 18232
-320 628 17992
-368 508 18000
-280 588 18096
-348 604 18136
-236 496 18040
-436 564 18116
-344 552 17988
-384 524 18060
-292 460 18148
-404 480 18036
-344 540 18108
-252 444 17972
-292 576 17984
-84 108 17716
-1736 348 17744
-1072 840 17760
188 1672 18304
1312 1316 17944
340 1232 18496
176 196 18192
404 144 18240
472 172 18100
324 -440 18224
-136 -548 18044
-100 -452 18256
-912 376 18676
5776 -568 18592
-4276 4404 21280
-980 1520 18068
-1340 1752 17856
-880 1216 18012
-496 1244 18156
-32 1992 18360
-544 1944 18260
492 1672 18104
592 888 18448
52 892 18184
596 316 18316
472 -252 18220
260 -452 18064
-444 -296 18300
-780 20 18008
-524 520 18296
-228 340 18180
-352 340 18088
-944 772 18116
-1760 808 17456
-1336 1528 17704
-1064 1328 17720
-424 1804 18052
-952 2140 17948
-428 1920 18100
80 1632 18028
-244 1368 18272
480 1260 17992
600 820 18120
292 752 18216
192 656 18248
200 344 18416
-284 -456 18068
-592 -172 17780
-512 196 18172
-28 412 18132
-1392 600 17588
-2148 1456 18016
-804 1444 17920
-1484 1444 18084
-344 2620 17988
-716 2308 17668
-372 2028 17680
128 1276 17944
480 792 18308
532 1332 18308
276 828 18068
100 124 18272
716 -208 18548
-728 -156 17988
-692 -88 17996
-1056 132 17924
-708 516 17748
-228 656 18104
-972 556 17756
-1516 1204 17944
-1248 1856 17648
-788 1608 17936
-1072 1700 18184
-264 1896 18084
348 1860 18284
-360 1908 18276
404 1344 18252
504 1748 18832
-20 1196 18748
520 1244 18160
764 628 17940
608 388 18420
-80 92 18260
-164 240 18108
148 -188 18152
-444 -232 18048
-436 384 18124
-1088 1064 18364
-932 924 18276
-1368 724 18172
-1452 764 17940
-1516 1136 18144
-1120 1656 17848
-472 2432 17880
324 2288 18048
-136 1892 17980
-192 1308 18140
196 1376 18044
196 1148 17996
208 1152 18196
540 924 18328
764 224 18024
188 92 18396
232 -48 18292
36 -52 17928
-524 128 18248
-704 436 18044
-424 704 17968
-1372 1428 18116
-1448 1540 18156
-1316 1124 17628
-1220 1288 17736
-1212 1896 17712
-856 2472 18164
-96 2140 18392
-844 1944 18060
-620 1568 17600
348 1132 18312
716 1352 18444
768 1164 17988
336 1140 18008
320 620 17876
236 -28 17948
-72 -180 18076
308 52 18144
-92 292 18080
-1788 1224 17792
-860 1696 15972
-1736 1944 17800
-1332 1528 18044
-1076 1700 18248
-824 1900 18068
-1264 2160 17688
-144 2184 17972
152 1692 18168
-308 1676 17864
96 1844 18112
52 1644 18084
-128 1460 18004
88 752 17736
692 932 18288
544 148 17676
208 76 17764
524 -276 18368
-256 -124 18040
-128 216 17740
-520 1024 18008
-1136 1324 17940
-1060 1068 17872
-928 1000 18036
-932 1000 17636
-1120 1712 17516
-224 2096 18560
-468 2344 18060
-580 1732 18032
-380 1696 17964
104 1804 18336
188 1892 18016
-64 1704 18080
480 1180 17952
496 712 17856
420 396 17840
320 140 18084
-164 -196 17904
-620 -68 18040
-464 172 18464
-688 1008 18016
-1412 772 17488
-1504 1272 17992
-1092 1284 17968
-1440 1356 18040
-1836 1880 17752
-644 2520 18044
56 2064 17920
220 2084 18396
-176 1628 17892
244 1632 18548
332 1384 18428
564 1220 17932
36 700 18192
416 392 18240
96 288 18056
-320 112 17804
-840 384 18120
-620 736 17960
-1176 1244 17732
-732 772 17548
-1856 1708 18116
-1376 1140 17464
-1316 1660 17936
-1352 1964 17976
-1152 1724 18116
-476 1644 18232
-260 1920 17892
-772 1996 17924
-696 2116 17924
188 1388 17988
-260 1408 17788
-148 1508 18160
136 568 18032
320 240 18500
40 304 18168
-412 376 17760
-584 716 18288
-616 1044 18040
-940 1068 17888
-952 1028 17872
-1168 968 18020
-1824 1884 17868
-1116 2068 17700
-916 1492 17620
-820 1632 18152
-1424 2100 17796
-444 2352 17768
-56 2284 18028
256 1888 17904
592 1732 17984
792 1568 18352
836 900 18140
960 -376 18012
-268 -792 17924
-1000 200 18360
-272 284 17944
476 0 17336
-4320 3984 19984
-3112 1356 18548
-1100 1060 17920
-1140 924 17708
-1192 1756 17840
-1408 1936 17848
-820 2140 17668
-612 2432 18064
-124 1932 18268
-480 1888 18356
32 1520 17792
-56 1424 17816
124 1068 18144
484 1008 17944
48 884 18012
172 896 17788
360 556 18056
-504 288 18052
-832 500 17980
-692 844 17856
-516 764 17856
-244 1304 17836
-1000 1168 17740
-1304 1456 17900
-864 1368 18120
-1036 1476 18112
-1076 1428 18036
-932 2404 18000
-552 1960 17544
-460 1872 18328
-904 1604 17896
612 1308 18436
848 1368 18348
312 1144 18004
276 532 18476
-20 228 17900
-220 460 18100
-16 516 17692
424 488 18208
-224 480 18264
-392 904 18104
-1288 1288 17940
-944 1004 17464
-1456 1488 17944
-1300 1436 17968
-1496 1292 17624
-944 2532 18376
-712 2128 17764
-1016 2076 17856
100 2044 17940
36 1632 17776
416 1780 18188
380 1504 18760
348 880 18336
196 280 18100
32 16 18056
-116 552 18108
-352 788 17932
-584 900 17860
-1332 1468 17744
-1364 1180 17628
-1628 968 17844
-2020 1788 17980
-1648 2396 17124
-836 2828 17248
-772 2780 18260
1012 1260 17704
1660 1136 18292
40 1324 18764
-508 228 17760
124 352 17928
-680 52 17728
-308 216 18212
-332 176 18008
-1696 432 17304
-2100 1452 17504
-1080 1720 17912
-1228 2288 18060
-1712 2376 17740
-1044 2644 18400
-192 2280 18188
96 1648 17728
1412 1192 18084
1020 1028 18264
-208 520 17988
484 852 18528
24 272 18056
-356 328 18672
-388 624 18172
-1232 1124 17952
-1292 1400 17980
-1280 1476 17900
-1300 1584 18004
-1400 1008 17760
-1188 1728 17856
-736 1992 17988
-944 2116 17800
-440 2160 17820
248 1464 18288
88 1684 18308
-316 2052 18000
-12 1460 18040
356 632 18116
48 240 18308
352 416 18268
-888 412 17860
-1244 32 17608
-1488 1368 17968
-2076 1872 17980
-2052 1584 17348
-1944 2816 18080
-1112 2912 18080
-124 2688 18080
124 2160 18612
336 1944 18296
1020 1556 18500
424 -200 17252
-1212 -280 17604
-96 324 17732
-376 216 18260
-1304 -272 18168
-1368 272 17588
-1348 2020 17644
-2416 1832 17860
-1672 2980 17568
-1600 3408 17596
144 3984 19000
2772 1996 18920
940 504 18084
-1500 -456 17260
-1336 -920 17896
-1520 -276 17900
-3240 1628 17408
-2176 3048 16932
-2464 3428 17512
396 3468 17544
380 2732 18260
1068 1188 18628
628 260 17972
320 -332 18012
-136 -332 18324
36 1380 18880
-5968 4796 20684
-2672 1048 17112
-2516 1612 17820
-1352 4508 17652
-212 2984 17932
636 2108 18656
-1432 2096 17736
-1176 1980 18080
-928 1952 17828
-844 1880 18328
-1432 1904 17404
-144 1928 18548
-696 1824 18848
-592 1792 17528
-748 2096 18276
-456 1784 18080
-756 1884 17388
-456 1944 17936
-744 1768 17648
-960 2060 17988
-1116 2272 18108
-1468 2192 17372
-1468 2272 17640
-1336 2136 17600
-480 1792 18496
-992 2064 18236
-924 2208 18332
-868 1976 17448
-804 1876 17688
-164 1788 18376
-888 1692 17364
-1000 2292 17900
-1452 2136 17132
-780 2300 18416
-912 2188 18072
-2392 1936 15908
-508 2516 19264
-176 2012 18048
-616 1768 17592
-672 2316 19076
-56 1864 18308
-336 1836 17324
-824 2340 18392
-524 1880 18016
-96 1632 18140
-1080 1920 17816
-364 2096 18292
-1320 2100 17672
-1768 2104 17176
