-2164.0 -1620.0 18076.0
-1656.0 -1320.0 17892.0
-1840.0 -1444.0 17984.0
-2336.0 -1144.0 18436.0
-2476.0 -1196.0 18116.0
-2244.0 -1412.0 17976.0
-2232.0 -1576.0 17752.0
-2188.0 -880.0 19456.0
-916.0 -3276.0 17236.0
-2084.0 -2744.0 18328.0
-1952.0 -3584.0 20176.0
-1920.0 -2992.0 20604.0
-2240.0 -5096.0 18812.0
-2536.0 -6304.0 19800.0
-2948.0 -5580.0 20652.0
-2744.0 -5644.0 19332.0
-3152.0 -5552.0 18548.0
-2820.0 -5384.0 17488.0
-2856.0 -4640.0 17612.0
-2680.0 -4520.0 16876.0
-2948.0 -4000.0 16460.0
-2992.0 -3932.0 16096.0
-2760.0 -2616.0 16392.0
-2040.0 -2344.0 16236.0
-1928.0 -2004.0 16856.0
-1420.0 -1892.0 16944.0
-1840.0 -660.0 16932.0
-2048.0 360.0 16888.0
-1804.0 1428.0 16240.0
-1812.0 2672.0 17280.0
-1352.0 2676.0 17228.0
-1180.0 3448.0 17984.0
-1268.0 4104.0 18308.0
-1496.0 6148.0 18744.0
-1480.0 7412.0 19060.0
-1324.0 8552.0 19692.0
-756.0 9104.0 20396.0
188.0 9812.0 20528.0
440.0 10308.0 20192.0
-172.0 10288.0 21004.0
-2504.0 8676.0 22320.0
-2740.0 7104.0 22140.0
-2028.0 5044.0 20684.0
-1640.0 4280.0 18932.0
-1584.0 2272.0 17728.0
-1856.0 -1544.0 18744.0
-1572.0 -4136.0 17628.0
-2688.0 -4508.0 16552.0
-4704.0 -8756.0 17836.0
-5136.0 -11152.0 17200.0
-5156.0 -11092.0 17136.0
-5332.0 -10888.0 17272.0
-6336.0 -10996.0 17456.0
-6988.0 -11240.0 17840.0
-6356.0 -12052.0 16804.0
-5036.0 -10460.0 15280.0
-4796.0 -9252.0 14432.0
-5032.0 -8012.0 14944.0
-4644.0 -5592.0 13660.0
-4212.0 -4916.0 13864.0
-3508.0 -4408.0 14108.0
-1736.0 -3368.0 15488.0
-1060.0 -1896.0 14900.0
-956.0 -1040.0 15568.0
-1464.0 508.0 17004.0
-2708.0 1480.0 19048.0
-3036.0 1648.0 19528.0
-2840.0 3088.0 19492.0
-3280.0 5696.0 21012.0
-3672.0 6312.0 21380.0
-4192.0 6440.0 21352.0
-4532.0 7540.0 20920.0
-5856.0 9944.0 21128.0
-5856.0 10608.0 21132.0
-4700.0 9456.0 21940.0
-3368.0 8404.0 20948.0
-3216.0 8156.0 20728.0
-3124.0 7512.0 20232.0
-5880.0 5244.0 21364.0
-6256.0 4716.0 21232.0
-5724.0 3676.0 20116.0
-4100.0 3040.0 18972.0
-3028.0 1216.0 17944.0
-3060.0 280.0 18096.0
-4204.0 -988.0 17928.0
-4132.0 -1724.0 17340.0
-3220.0 -2940.0 16480.0
-2456.0 -3716.0 15592.0
-1732.0 -4532.0 15700.0
-2224.0 -5816.0 16308.0
-5156.0 -9020.0 16296.0
-5160.0 -9116.0 16420.0
-5312.0 -9192.0 16604.0
-5844.0 -9536.0 17592.0
-6988.0 -12372.0 19360.0
-6672.0 -12476.0 18424.0
-5732.0 -10436.0 16028.0
-4920.0 -8764.0 14080.0
-4532.0 -7316.0 13680.0
-4308.0 -7244.0 13740.0
-2464.0 -5516.0 13524.0
-1512.0 -4108.0 13556.0
-544.0 -1096.0 13496.0
-1328.0 284.0 15292.0
-2760.0 1700.0 19040.0
-2648.0 1692.0 19516.0
-2448.0 2068.0 20136.0
-2860.0 3156.0 20460.0
-2692.0 5364.0 22324.0
-2828.0 5756.0 23972.0
-2988.0 5240.0 24064.0
-3492.0 5180.0 23988.0
-5620.0 5868.0 22652.0
-5844.0 7228.0 22220.0
-2676.0 9528.0 20220.0
-712.0 9948.0 19476.0
-440.0 10276.0 19244.0
-1444.0 9772.0 19112.0
-2576.0 8392.0 17788.0
-3724.0 8052.0 18096.0
-4992.0 7280.0 18760.0
-5112.0 5004.0 19280.0
-4140.0 3380.0 18400.0
-3056.0 2260.0 17008.0
-3132.0 1260.0 16940.0
-4792.0 -196.0 16660.0
-5128.0 -1080.0 16828.0
-4996.0 -2376.0 17372.0
-4184.0 -4872.0 17276.0
-3852.0 -5932.0 17532.0
-4464.0 -5712.0 17176.0
-5704.0 -6208.0 17520.0
-6088.0 -6820.0 17164.0
-5772.0 -7384.0 17476.0
-5944.0 -7744.0 17404.0
-5640.0 -7528.0 17920.0
-5672.0 -7204.0 17576.0
-5008.0 -5028.0 14168.0
-4748.0 -4488.0 14236.0
-4656.0 -4236.0 14504.0
-4500.0 -4048.0 14892.0
-4144.0 -3624.0 14356.0
-4084.0 -3016.0 14996.0
-4704.0 -2664.0 15924.0
-4112.0 -2612.0 16112.0
-3804.0 -2040.0 16628.0
-3152.0 -1364.0 17228.0
-3084.0 -536.0 17256.0
-3564.0 -156.0 17656.0
-3736.0 320.0 17548.0
-3904.0 992.0 17960.0
-3520.0 1764.0 19456.0
-2248.0 3168.0 20660.0
-1976.0 4208.0 20848.0
-2388.0 4752.0 21964.0
-2204.0 5700.0 22196.0
-2268.0 6252.0 21844.0
-2632.0 6908.0 21896.0
-2532.0 7492.0 21376.0
-2096.0 7428.0 20556.0
-1344.0 6896.0 19536.0
-1004.0 5772.0 18948.0
-752.0 4844.0 18680.0
-44.0 4352.0 17632.0
24.0 4224.0 17724.0
-220.0 3808.0 18568.0
-460.0 1936.0 18740.0
-324.0 1800.0 18536.0
-248.0 2340.0 17292.0
-1032.0 1824.0 18364.0
-1724.0 760.0 18908.0
-1472.0 376.0 18924.0
-1080.0 -96.0 18640.0
212.0 -168.0 16816.0
316.0 -228.0 17256.0
68.0 -604.0 17588.0
-564.0 -1680.0 18080.0
-396.0 -1660.0 16888.0
-264.0 -1588.0 16548.0
-632.0 -2176.0 16760.0
-1104.0 -2888.0 17396.0
-1956.0 -4728.0 19712.0
-2172.0 -6072.0 20060.0
-2780.0 -7300.0 20436.0
-2828.0 -7196.0 20292.0
-2452.0 -7232.0 18236.0
-2100.0 -6940.0 17792.0
-1620.0 -6256.0 17620.0
-1312.0 -5996.0 17796.0
-1120.0 -5976.0 17664.0
-1084.0 -3628.0 16316.0
-1336.0 -2636.0 16680.0
-1236.0 -1776.0 16284.0
-1252.0 -1388.0 16328.0
-748.0 356.0 17368.0
-284.0 1136.0 17420.0
116.0 1872.0 17928.0
-164.0 4000.0 18304.0
-368.0 4480.0 18440.0
-708.0 5048.0 18800.0
-1192.0 5392.0 18832.0
-2476.0 7308.0 18924.0
-2024.0 8228.0 18696.0
-1156.0 9232.0 18120.0
-680.0 10416.0 17264.0
-1944.0 10740.0 18344.0
-2568.0 8676.0 20804.0
-2316.0 8636.0 20016.0
-2144.0 8636.0 19620.0
-2280.0 7948.0 18872.0
-5816.0 5852.0 20236.0
-5880.0 4568.0 20452.0
-5232.0 3396.0 20308.0
-3496.0 -884.0 20100.0
-3444.0 -972.0 19988.0
-4796.0 -1064.0 19744.0
-5940.0 -1112.0 18516.0
-4532.0 -3028.0 18384.0
-4364.0 -3672.0 18656.0
-3208.0 -4900.0 17636.0
-3452.0 -4196.0 16300.0
-4752.0 -4592.0 16548.0
-3992.0 -6836.0 17884.0
-4016.0 -7128.0 17660.0
-3796.0 -7472.0 17772.0
-3900.0 -7760.0 17620.0
-3724.0 -7152.0 16532.0
-3924.0 -7112.0 16632.0
-3208.0 -7308.0 15892.0
-2628.0 -6644.0 14764.0
-2800.0 -6136.0 14652.0
-2872.0 -5664.0 14296.0
-3148.0 -5480.0 14728.0
-3544.0 -4936.0 15488.0
-3676.0 -4396.0 16336.0
-3316.0 -2812.0 16488.0
-3852.0 -1352.0 17032.0
-3904.0 -1288.0 16972.0
-3768.0 -832.0 17504.0
-3432.0 216.0 18076.0
-2908.0 1988.0 19324.0
-3452.0 3156.0 20024.0
-4128.0 4708.0 20640.0
-4296.0 4908.0 20800.0
-3396.0 5592.0 22392.0
-3120.0 5648.0 22516.0
-3384.0 6560.0 22960.0
-3344.0 6540.0 22672.0
-2796.0 7068.0 23156.0
-2596.0 6656.0 23012.0
-2140.0 5700.0 22760.0
-1680.0 5164.0 21620.0
-1652.0 5240.0 19988.0
-1752.0 5032.0 19936.0
-3228.0 1848.0 19600.0
-3240.0 1396.0 18928.0
-2716.0 1216.0 18236.0
-1608.0 928.0 16980.0
-1204.0 -548.0 16252.0
-2828.0 -1896.0 17268.0
-3236.0 -2696.0 17072.0
-3116.0 -5108.0 17092.0
-3064.0 -5348.0 16616.0
-3880.0 -6036.0 16736.0
-5468.0 -6808.0 16624.0
-6852.0 -7220.0 17268.0
-7148.0 -8492.0 17864.0
-6488.0 -8568.0 17436.0
-5828.0 -7804.0 16620.0
-5484.0 -7344.0 15404.0
-4972.0 -6412.0 13684.0
-4852.0 -5352.0 13172.0
-5120.0 -4852.0 14724.0
-5052.0 -4924.0 15248.0
-4848.0 -4856.0 15496.0
-3476.0 -3396.0 15160.0
-3496.0 -3108.0 15684.0
-3244.0 -2468.0 17136.0
-3184.0 -1888.0 16864.0
-3760.0 -692.0 17748.0
-3808.0 268.0 18492.0
-2944.0 1524.0 20172.0
-3084.0 1888.0 20868.0
-2588.0 2928.0 21336.0
-1808.0 4428.0 21524.0
-1168.0 7236.0 21592.0
-1184.0 7632.0 21844.0
-1164.0 8060.0 21812.0
-1112.0 8184.0 21644.0
-1244.0 8480.0 19676.0
-1192.0 8260.0 19596.0
-1240.0 8084.0 19328.0
-1884.0 7972.0 19240.0
-2580.0 6348.0 19140.0
-2588.0 5488.0 19120.0
-2484.0 3532.0 18892.0
-2888.0 2636.0 19248.0
-3452.0 784.0 18780.0
-3880.0 -468.0 18424.0
-3376.0 -2876.0 18624.0
-3580.0 -3716.0 18884.0
-3944.0 -5156.0 18260.0
-4796.0 -6536.0 18116.0
-5020.0 -7800.0 18352.0
-4300.0 -9248.0 17592.0
-4312.0 -9376.0 17916.0
-5556.0 -10972.0 19188.0
-6084.0 -12152.0 18924.0
-6388.0 -12004.0 18628.0
-5340.0 -8984.0 14344.0
-5100.0 -7420.0 13364.0
-5088.0 -7228.0 13884.0
-5188.0 -6940.0 13748.0
-4652.0 -6380.0 14176.0
-4240.0 -5676.0 14528.0
-3744.0 -4448.0 14720.0
-3232.0 -3544.0 14784.0
-3352.0 -2716.0 15676.0
-3432.0 -1996.0 16632.0
-2900.0 -1304.0 17748.0
-2592.0 -292.0 18164.0
-2124.0 908.0 18928.0
-2236.0 2248.0 20272.0
-2448.0 3124.0 20544.0
-2932.0 3780.0 20588.0
-3368.0 4356.0 20820.0
-3936.0 5476.0 19696.0
-3944.0 6052.0 19820.0
-4028.0 6216.0 19776.0
-3904.0 6756.0 19856.0
-3572.0 7676.0 20064.0
-3340.0 8088.0 19692.0
-3428.0 8100.0 19352.0
-3368.0 7732.0 18548.0
-3044.0 6920.0 18544.0
-2592.0 6784.0 18692.0
-3672.0 4760.0 19120.0
-3780.0 4332.0 19444.0
-3760.0 3680.0 19328.0
-3200.0 3388.0 19100.0
-3712.0 2644.0 19320.0
-3676.0 1972.0 19068.0
-3612.0 1652.0 19400.0
-3952.0 -2088.0 20264.0
-4212.0 -2460.0 20132.0
-4440.0 -2608.0 19580.0
-5060.0 -2860.0 18748.0
-3612.0 -4832.0 17800.0
-3828.0 -7212.0 17484.0
-4516.0 -7908.0 17608.0
-4896.0 -8132.0 17076.0
-4652.0 -8172.0 16696.0
-4512.0 -8620.0 16708.0
-4304.0 -8668.0 16440.0
-3988.0 -6844.0 13896.0
-4152.0 -6276.0 13564.0
-4240.0 -5816.0 13708.0
-3264.0 -4884.0 15332.0
-3036.0 -4692.0 15168.0
-2980.0 -4632.0 15308.0
-2652.0 -4024.0 15688.0
-2672.0 -2480.0 15756.0
-3212.0 -1420.0 17276.0
-3468.0 -828.0 17908.0
-2200.0 1112.0 18036.0
-736.0 2636.0 18644.0
-320.0 2864.0 19112.0
-2052.0 5724.0 20856.0
-1852.0 7100.0 21420.0
-1596.0 8184.0 22064.0
-1332.0 8548.0 22108.0
-1940.0 9968.0 21904.0
-2220.0 10780.0 22012.0
-2244.0 11112.0 21860.0
-1556.0 10720.0 21784.0
-896.0 9332.0 20544.0
-728.0 9144.0 20324.0
-748.0 8596.0 18956.0
-1376.0 8468.0 18196.0
-2660.0 6732.0 17628.0
-2832.0 5268.0 16940.0
-2560.0 4404.0 15904.0
-2416.0 4136.0 14512.0
-2916.0 4380.0 15336.0
-4680.0 3940.0 18568.0
-4900.0 -640.0 18888.0
-4412.0 224.0 18876.0
-4144.0 416.0 19220.0
-4080.0 -184.0 19056.0
-4104.0 -2328.0 19260.0
-5524.0 -6952.0 18860.0
-5632.0 -7144.0 18560.0
-5940.0 -7408.0 17372.0
-6692.0 -9236.0 18392.0
-6656.0 -10760.0 18276.0
-6684.0 -11240.0 18600.0
-6364.0 -10140.0 16872.0
-6068.0 -9704.0 15800.0
-5568.0 -8676.0 14476.0
-4724.0 -7648.0 13812.0
-4148.0 -7076.0 13848.0
-3776.0 -6380.0 15048.0
-3776.0 -6136.0 15120.0
-2544.0 -2552.0 15364.0
-2256.0 -2028.0 15760.0
-1860.0 -1828.0 16272.0
-1312.0 -1480.0 16220.0
-2136.0 576.0 15724.0
-4132.0 1324.0 15668.0
-2432.0 2980.0 18540.0
-1776.0 2800.0 19576.0
-1408.0 2564.0 20128.0
-1656.0 2596.0 20060.0
-4564.0 5704.0 20120.0
-4540.0 6944.0 20288.0
-652.0 7896.0 20904.0
-232.0 8504.0 21156.0
-244.0 8560.0 21212.0
-652.0 8780.0 21124.0
-2252.0 8272.0 22384.0
-3244.0 7832.0 22228.0
-3636.0 8528.0 22212.0
-3544.0 8520.0 22068.0
-3812.0 7784.0 21400.0
-3768.0 6780.0 20596.0
-4144.0 6272.0 20436.0
-4504.0 5236.0 20248.0
-4420.0 5060.0 20036.0
-3632.0 1244.0 20312.0
-3408.0 428.0 19748.0
-3448.0 -400.0 18216.0
-4028.0 -668.0 18272.0
-5136.0 -3340.0 19588.0
-4884.0 -4436.0 18236.0
-4432.0 -5072.0 18340.0
-3812.0 -5320.0 16668.0
-3524.0 -5416.0 16052.0
-4364.0 -7024.0 16004.0
-4992.0 -8308.0 17012.0
-5876.0 -9564.0 16916.0
-6516.0 -8968.0 15580.0
-6632.0 -8816.0 14464.0
-6348.0 -9228.0 13928.0
-5952.0 -9160.0 13324.0
-5908.0 -9156.0 13448.0
-6176.0 -7680.0 13484.0
-6552.0 -7248.0 14068.0
-6132.0 -6908.0 13492.0
-5536.0 -5224.0 14368.0
-4640.0 -4544.0 14352.0
-4416.0 -4020.0 14824.0
-2972.0 -1464.0 16416.0
-1900.0 336.0 16892.0
-1764.0 436.0 17100.0
-1816.0 648.0 17116.0
-2020.0 2456.0 19780.0
-2140.0 2884.0 19940.0
-2260.0 3332.0 20408.0
-1728.0 4116.0 21292.0
-4548.0 6852.0 21084.0
-5032.0 7744.0 21012.0
-4648.0 8340.0 20540.0
-4148.0 8564.0 21248.0
-4924.0 7936.0 20824.0
-4912.0 7964.0 20956.0
-5232.0 7944.0 20612.0
-5092.0 8076.0 19976.0
-4720.0 6112.0 19660.0
-4368.0 4152.0 19868.0
-3412.0 3348.0 19308.0
-3936.0 2964.0 19168.0
-4108.0 2728.0 19180.0
-4088.0 1820.0 18580.0
-4792.0 76.0 18556.0
-5456.0 -252.0 18140.0
-5352.0 -1612.0 17868.0
-4348.0 -4136.0 17108.0
-3688.0 -4440.0 16244.0
-3600.0 -4648.0 16180.0
-4288.0 -5000.0 16608.0
-5924.0 -6892.0 16660.0
-5848.0 -7304.0 16440.0
-5372.0 -7292.0 15472.0
-5392.0 -6756.0 14604.0
-5776.0 -6804.0 14388.0
-5688.0 -7284.0 14212.0
-5416.0 -7060.0 13956.0
-4384.0 -4976.0 13092.0
-3904.0 -4920.0 12948.0
-3480.0 -4716.0 13864.0
-3436.0 -4532.0 13728.0
-2868.0 -4248.0 15192.0
-2664.0 -3784.0 15772.0
-2756.0 -3368.0 16520.0
-3036.0 -3112.0 17468.0
-3432.0 -2932.0 17788.0
-4460.0 -2008.0 19312.0
-4084.0 -652.0 21816.0
-3692.0 -492.0 21680.0
-2360.0 -208.0 21992.0
-2232.0 512.0 21432.0
-3168.0 2180.0 21868.0
-3912.0 3268.0 21256.0
-3556.0 4804.0 21036.0
-3208.0 5656.0 21156.0
-3208.0 6764.0 20532.0
-3144.0 7588.0 20052.0
-4180.0 8324.0 19600.0
-4500.0 8464.0 19392.0
-3780.0 8636.0 19492.0
-3312.0 8196.0 19280.0
-2968.0 8424.0 19224.0
-3224.0 8284.0 19220.0
-3596.0 7776.0 19168.0
-4332.0 7032.0 19912.0
-5144.0 5032.0 21324.0
-4776.0 3704.0 21276.0
-3636.0 3424.0 20580.0
-3340.0 3092.0 20328.0
-3448.0 1988.0 20136.0
-3472.0 1232.0 19624.0
-4164.0 -2904.0 18952.0
-3988.0 -2632.0 18040.0
-4052.0 -2420.0 16708.0
-4040.0 -2456.0 16344.0
-5340.0 -6624.0 18112.0
-5668.0 -7396.0 18332.0
-5524.0 -8076.0 18416.0
-5640.0 -8016.0 16560.0
-5560.0 -7984.0 16196.0
-5556.0 -8136.0 16136.0
-5192.0 -7848.0 15204.0
-4392.0 -7100.0 14188.0
-3884.0 -6364.0 13388.0
-3416.0 -5632.0 12304.0
-3136.0 -4984.0 12624.0
-3276.0 -4592.0 13268.0
-3436.0 -4496.0 14044.0
-2584.0 -3940.0 16880.0
-2540.0 -3784.0 17612.0
-2376.0 -3288.0 17692.0
-2824.0 -2208.0 19108.0
-2372.0 -180.0 19760.0
-2428.0 -408.0 20336.0
-2444.0 -324.0 20188.0
-2764.0 92.0 19848.0
-3692.0 2240.0 20064.0
-3844.0 3148.0 20960.0
-3264.0 3424.0 21104.0
-2088.0 4192.0 21148.0
-2300.0 4912.0 20852.0
-2900.0 5244.0 20140.0
-4904.0 7096.0 19256.0
-4396.0 7596.0 18884.0
-3812.0 8348.0 18768.0
-3692.0 8332.0 19080.0
-3148.0 7880.0 18840.0
-4628.0 7572.0 19244.0
-4752.0 7516.0 19360.0
-5476.0 6088.0 19440.0
-5000.0 4996.0 19208.0
-4780.0 4924.0 19212.0
-4052.0 4564.0 18912.0
-3524.0 4084.0 18568.0
-3744.0 3256.0 19320.0
-4056.0 604.0 19308.0
-3368.0 316.0 19464.0
-2476.0 -204.0 19372.0
-2668.0 -548.0 19176.0
-5812.0 -1288.0 18744.0
-5784.0 -2424.0 19892.0
-4276.0 -3424.0 19368.0
-3232.0 -3568.0 19108.0
-3152.0 -3892.0 18964.0
-3960.0 -5104.0 19240.0
-3760.0 -5704.0 18452.0
-3324.0 -5384.0 16864.0
-3676.0 -5404.0 16048.0
-3752.0 -5484.0 15472.0
-3336.0 -5736.0 15076.0
-3148.0 -5736.0 14600.0
-3004.0 -5556.0 14684.0
-2716.0 -5168.0 14152.0
-2896.0 -4844.0 14240.0
-2284.0 -4016.0 15524.0
-2096.0 -4076.0 16788.0
-2100.0 -4540.0 18232.0
-1112.0 -3452.0 18884.0
-1084.0 -3016.0 18612.0
-976.0 -2512.0 18396.0
-948.0 -1368.0 17372.0
-2544.0 576.0 18288.0
-2752.0 896.0 18376.0
-2112.0 1820.0 17616.0
-2084.0 2268.0 18364.0
-2120.0 2732.0 18516.0
-2304.0 3288.0 18808.0
-2268.0 4156.0 19588.0
-1896.0 5052.0 20156.0
-1576.0 5300.0 20440.0
-1352.0 5964.0 21212.0
-2328.0 7448.0 19800.0
-3180.0 8784.0 19600.0
-3188.0 8808.0 19808.0
-3228.0 8936.0 19572.0
-3704.0 8080.0 21192.0
-3816.0 7144.0 22456.0
-3584.0 6692.0 22472.0
-3832.0 6592.0 22064.0
-3768.0 6356.0 21228.0
-3320.0 6064.0 20628.0
-3120.0 5396.0 20528.0
-2900.0 4388.0 20688.0
-2084.0 2920.0 19120.0
-1744.0 2608.0 18440.0
-2912.0 2500.0 18880.0
-3648.0 1184.0 18524.0
-4064.0 596.0 18044.0
-4172.0 -484.0 18056.0
-3064.0 -1364.0 15756.0
-3360.0 -1728.0 15928.0
-4680.0 -2456.0 16432.0
-5924.0 -4240.0 16984.0
-6184.0 -6564.0 16520.0
-5728.0 -6808.0 16520.0
-5768.0 -6880.0 16584.0
-6080.0 -9516.0 17604.0
-5936.0 -9276.0 17308.0
-5336.0 -8532.0 16872.0
-4852.0 -7920.0 15724.0
-4072.0 -5876.0 14492.0
-4356.0 -5664.0 14908.0
-3176.0 -4872.0 14860.0
-2356.0 -3916.0 15936.0
-2352.0 -3820.0 16144.0
-2108.0 -3660.0 16092.0
-1328.0 -2780.0 15728.0
-1780.0 -1344.0 16112.0
-2192.0 -32.0 16772.0
-1536.0 492.0 16776.0
-1276.0 1276.0 17512.0
-1988.0 1588.0 18060.0
-2756.0 2424.0 19420.0
-2740.0 2884.0 20560.0
-2352.0 3396.0 21024.0
-2284.0 4020.0 22128.0
-2828.0 4300.0 22076.0
-4040.0 6584.0 21524.0
-4848.0 7560.0 21304.0
-5136.0 9128.0 20808.0
-4996.0 9536.0 21048.0
-4336.0 9564.0 20468.0
-4460.0 9680.0 20272.0
-5084.0 10100.0 19152.0
-5268.0 9784.0 19240.0
-5460.0 9492.0 19776.0
-5664.0 9224.0 19916.0
-4416.0 6672.0 20552.0
-3964.0 6396.0 20424.0
-3832.0 6116.0 19992.0
-3332.0 5544.0 18276.0
-3652.0 4336.0 19000.0
-3984.0 3408.0 19792.0
-3776.0 1268.0 19868.0
-4144.0 48.0 17264.0
-5196.0 -952.0 18516.0
-5784.0 -1768.0 19216.0
-5804.0 -3476.0 17972.0
-4140.0 -4684.0 16304.0
-4112.0 -5060.0 16456.0
-4316.0 -5844.0 16524.0
-5776.0 -7868.0 17884.0
-5728.0 -9004.0 18420.0
-5752.0 -9040.0 18476.0
-4596.0 -7888.0 15104.0
-4452.0 -7600.0 15028.0
-4520.0 -7560.0 14800.0
-4392.0 -7212.0 14708.0
-3796.0 -5896.0 14224.0
-2924.0 -5460.0 14080.0
-1672.0 -3768.0 13704.0
-1412.0 -3580.0 14272.0
-860.0 -732.0 16888.0
-1064.0 -592.0 16992.0
-1348.0 -336.0 17448.0
-2120.0 -168.0 18432.0
-3020.0 1956.0 18164.0
-3444.0 3172.0 18104.0
-6156.0 6520.0 18380.0
-6452.0 7432.0 18716.0
-6372.0 8996.0 19932.0
-6052.0 9692.0 20260.0
-3580.0 11332.0 21912.0
-3092.0 11864.0 21980.0
-5084.0 13188.0 22624.0
-6296.0 12572.0 23128.0
-7744.0 11080.0 24152.0
-7832.0 11032.0 24288.0
-6340.0 9792.0 22456.0
-6004.0 9340.0 21688.0
-5676.0 5052.0 21736.0
-4620.0 2812.0 20864.0
-4504.0 2920.0 20624.0
-4220.0 2856.0 19560.0
-4376.0 1844.0 18524.0
-4512.0 -756.0 18444.0
-4608.0 -2064.0 18596.0
-4268.0 -3152.0 16708.0
-4060.0 -4440.0 15664.0
-5352.0 -7836.0 16496.0
-5824.0 -8592.0 17032.0
-6168.0 -8884.0 17980.0
-6412.0 -9316.0 18512.0
-7000.0 -10288.0 18892.0
-6772.0 -9512.0 17908.0
-6032.0 -7696.0 15300.0
-5448.0 -6540.0 14400.0
-4784.0 -5304.0 13876.0
-4128.0 -4720.0 13780.0
-1496.0 -2296.0 13044.0
-1064.0 -1900.0 12756.0
-636.0 -1464.0 12976.0
272.0 -632.0 12768.0
584.0 -200.0 12948.0
748.0 684.0 14392.0
924.0 904.0 14960.0
1212.0 1712.0 15856.0
440.0 1864.0 16516.0
-140.0 1940.0 16888.0
-968.0 2236.0 18052.0
-2332.0 2996.0 20588.0
-2484.0 2884.0 21464.0
-2220.0 2936.0 21292.0
-1584.0 3084.0 20844.0
-1600.0 3376.0 20264.0
-5688.0 6060.0 19000.0
-6148.0 6200.0 19568.0
-6536.0 6036.0 19392.0
-6376.0 5924.0 19208.0
-5044.0 5980.0 19112.0
-5268.0 5328.0 20100.0
-5404.0 4636.0 19816.0
-5468.0 4508.0 19592.0
-3380.0 3244.0 18812.0
-2804.0 2916.0 18888.0
-2500.0 2216.0 18612.0
-2176.0 1944.0 18188.0
-2520.0 772.0 17656.0
-2808.0 540.0 17764.0
-3300.0 500.0 18136.0
-3028.0 -244.0 18620.0
-3084.0 -1128.0 18928.0
-3208.0 -1924.0 17992.0
-2356.0 -1604.0 17616.0
-3204.0 -1252.0 17164.0
-3928.0 -748.0 17908.0
-3744.0 -4340.0 19436.0
-3820.0 -3156.0 18252.0
-4036.0 -2872.0 17328.0
-3480.0 -2820.0 16776.0
-3040.0 -2916.0 17052.0
-3568.0 -3192.0 16964.0
-3812.0 -3424.0 16728.0
-4232.0 -3192.0 17432.0
-3788.0 -3460.0 17328.0
-3536.0 -3404.0 17792.0
-3568.0 -3248.0 17812.0
-3812.0 -3132.0 17400.0
-4064.0 -2980.0 17712.0
-4044.0 -2676.0 18100.0
-3564.0 -3092.0 17644.0
-3032.0 -2220.0 17244.0
-2820.0 -2308.0 16860.0
-3096.0 -2492.0 17224.0
-3800.0 -2560.0 17660.0
-920.0 5744.0 25820.0
-5604.0 3560.0 26456.0
-2976.0 1260.0 17680.0
-5496.0 -976.0 17940.0
-4804.0 -1652.0 16168.0
-5428.0 -1860.0 18140.0
-3460.0 -1936.0 16216.0
-1984.0 -1740.0 17892.0
-960.0 -684.0 19452.0
-1364.0 -2272.0 17188.0
-2076.0 -904.0 17840.0
-1120.0 -1744.0 18260.0
-1968.0 -1896.0 16932.0
-1480.0 -2832.0 17340.0
-1912.0 -1484.0 18424.0
-2696.0 -1184.0 17704.0
-1348.0 -1152.0 17312.0
-1560.0 -1776.0 17864.0
-1648.0 -1776.0 17680.0
-1996.0 -1816.0 17120.0
-1984.0 -1544.0 18060.0
-2288.0 -1420.0 18156.0
-2060.0 -1368.0 18168.0
-2148.0 -1888.0 17676.0
-1888.0 -1644.0 17568.0
-1636.0 -1472.0 17764.0
-1604.0 -1464.0 18092.0
-1872.0 -1560.0 17928.0
-1920.0 -1616.0 17812.0
