-2328.0 -1460.0 17856.0
-2008.0 -1444.0 17676.0
-2108.0 -1452.0 17848.0
-1880.0 -1428.0 17888.0
-1812.0 -1440.0 17760.0
-1728.0 -1560.0 17696.0
-1736.0 -1376.0 17884.0
-2012.0 -1436.0 17940.0
-1940.0 -1328.0 17760.0
-1700.0 -1520.0 17768.0
-1816.0 -1400.0 17816.0
-1820.0 -1444.0 17820.0
-2028.0 -1328.0 17668.0
-1820.0 -1328.0 17948.0
-1800.0 -1380.0 17768.0
-1792.0 -1432.0 17740.0
-1852.0 -1412.0 17908.0
-1912.0 -1404.0 17812.0
-1908.0 -1396.0 17880.0
-1932.0 -1392.0 17700.0
-1852.0 -1512.0 17916.0
-1720.0 -1420.0 17800.0
-1828.0 -1456.0 17732.0
-1932.0 -1376.0 17936.0
-2052.0 -1400.0 17924.0
-1944.0 -1396.0 17808.0
-1816.0 -1428.0 17836.0
-1900.0 -1360.0 17940.0
-1876.0 -1364.0 17868.0
-1872.0 -1376.0 17876.0
-2044.0 -1376.0 17776.0
-1880.0 -1412.0 17832.0
-1824.0 -1460.0 17780.0
-1804.0 -1368.0 17824.0
-1932.0 -1412.0 17932.0
-2004.0 -1316.0 17960.0
-1924.0 -1464.0 17712.0
-1696.0 -1476.0 17908.0
-1736.0 -1396.0 17836.0
-1916.0 -1404.0 17752.0
-1856.0 -1448.0 17676.0
-1860.0 -1328.0 17848.0
-1792.0 -1456.0 17848.0
-1796.0 -1364.0 17856.0
-1904.0 -1528.0 17852.0
-1860.0 -1388.0 17956.0
-1888.0 -1344.0 17812.0
-1844.0 -1400.0 17928.0
-1788.0 -1384.0 17792.0
-1784.0 -1372.0 17800.0
-1888.0 -1372.0 17780.0
-1968.0 -1468.0 17924.0
-1904.0 -1436.0 17744.0
-1884.0 -1500.0 17716.0
-1908.0 -1520.0 17864.0
-1912.0 -1440.0 17828.0
-1896.0 -1416.0 17788.0
-1920.0 -1384.0 17884.0
-1780.0 -1304.0 17812.0
-1924.0 -1412.0 17760.0
-1800.0 -1476.0 17692.0
-1824.0 -1424.0 17812.0
-1960.0 -1464.0 17908.0
-2084.0 -1432.0 17836.0
-1928.0 -1436.0 17892.0
-1912.0 -1400.0 17860.0
-1980.0 -1412.0 17760.0
-1916.0 -1412.0 17792.0
-1968.0 -1416.0 17884.0
-1868.0 -1372.0 17812.0
-1880.0 -1420.0 17764.0
-1796.0 -1552.0 17632.0
-1852.0 -1292.0 17876.0
-1984.0 -1336.0 17956.0
-1868.0 -1424.0 17780.0
-2128.0 -1664.0 17732.0
-1888.0 -1640.0 17688.0
-2140.0 -1712.0 17644.0
-2132.0 -1572.0 17756.0
-1796.0 -1556.0 17760.0
-1536.0 -1432.0 18036.0
-1292.0 -1628.0 17748.0
-1076.0 -1956.0 17468.0
-1964.0 -1328.0 18032.0
-1660.0 -1396.0 17936.0
-2212.0 -1144.0 18048.0
-1628.0 -1748.0 17412.0
-1876.0 -1688.0 17588.0
-1704.0 -1604.0 17840.0
-1844.0 -1428.0 17720.0
-2208.0 -1172.0 18024.0
-1868.0 -1304.0 17896.0
-2024.0 -1312.0 17800.0
-2352.0 -1116.0 18084.0
-1792.0 -1372.0 17868.0
-1876.0 -1404.0 17724.0
-1924.0 -1304.0 18012.0
-2020.0 -1360.0 17896.0
-1892.0 -1532.0 17944.0
-1876.0 -1460.0 17812.0
-1840.0 -1416.0 17892.0
-1616.0 -1552.0 17840.0
-1932.0 -1232.0 18008.0
-3696.0 -924.0 17936.0
-1648.0 -292.0 18580.0
360.0 -4228.0 21520.0
1144.0 -4828.0 20124.0
1604.0 -6284.0 21924.0
2344.0 -6032.0 21440.0
3480.0 -3792.0 20408.0
4712.0 -2624.0 19744.0
2852.0 -2936.0 17768.0
-872.0 -2660.0 17272.0
-2348.0 -2860.0 17048.0
-9856.0 -1820.0 16588.0
-10424.0 -1812.0 16468.0
-15512.0 -476.0 15672.0
-17480.0 108.0 14740.0
-16136.0 1388.0 11700.0
-14724.0 1564.0 11124.0
-11892.0 -108.0 11972.0
-9864.0 -544.0 13864.0
-5860.0 -1808.0 14836.0
-1332.0 -2616.0 17164.0
1456.0 -3460.0 19308.0
4100.0 -3364.0 21776.0
8396.0 -5668.0 25132.0
11584.0 -6860.0 25900.0
13140.0 -7000.0 25128.0
10796.0 -5200.0 21696.0
9904.0 -4976.0 20896.0
4192.0 -4452.0 19680.0
2180.0 -3236.0 18200.0
-2300.0 -3880.0 16492.0
-5620.0 -3184.0 16524.0
-12424.0 -1772.0 14172.0
-13220.0 -1536.0 14568.0
-17524.0 -620.0 16304.0
-18020.0 -80.0 15724.0
-18716.0 1460.0 13344.0
-17564.0 2268.0 11652.0
-17456.0 1836.0 10892.0
-17204.0 356.0 11940.0
-12680.0 -1860.0 14904.0
-7624.0 -4996.0 19076.0
-4392.0 -5480.0 21260.0
1608.0 -4672.0 22268.0
6080.0 -7796.0 25640.0
11616.0 -9260.0 26564.0
15624.0 -9092.0 24572.0
15800.0 -9248.0 24116.0
13488.0 -8428.0 19656.0
6512.0 -6432.0 16920.0
2396.0 -5680.0 15736.0
-4820.0 -4616.0 16240.0
-10340.0 -4180.0 16248.0
-14820.0 -3456.0 16576.0
-20080.0 -1804.0 18724.0
-22856.0 -1536.0 18620.0
-21532.0 620.0 16768.0
-17536.0 1800.0 12096.0
-17308.0 2312.0 11852.0
-16320.0 208.0 13172.0
-14348.0 -1068.0 13948.0
-10244.0 -1836.0 15284.0
-8072.0 -2960.0 16908.0
-300.0 -5664.0 20156.0
2700.0 -5972.0 20944.0
8452.0 -6480.0 24556.0
11792.0 -7868.0 25756.0
16300.0 -8700.0 26016.0
18400.0 -8868.0 25084.0
16448.0 -7836.0 20792.0
15256.0 -7584.0 20896.0
6000.0 -5508.0 17808.0
1936.0 -4976.0 15356.0
-4888.0 -4824.0 17100.0
-12720.0 -3488.0 15896.0
-14016.0 -2236.0 16028.0
-19296.0 -1716.0 20284.0
-18524.0 -2756.0 21040.0
-17984.0 1876.0 13332.0
-16996.0 3764.0 11376.0
-15336.0 676.0 12408.0
-14232.0 -140.0 11924.0
-12624.0 240.0 12672.0
-11484.0 -156.0 13516.0
-6792.0 -3212.0 15528.0
-5172.0 -3992.0 17352.0
-5140.0 -4852.0 20136.0
7764.0 -9508.0 26524.0
8328.0 -9184.0 26912.0
9708.0 -7800.0 27572.0
12704.0 -7812.0 26272.0
12152.0 -7764.0 23616.0
9996.0 -7012.0 21892.0
6592.0 -5240.0 19352.0
4676.0 -4176.0 18680.0
2852.0 -4864.0 19148.0
1432.0 -2080.0 16440.0
-2356.0 -1092.0 15696.0
-5420.0 -2280.0 17180.0
-7956.0 -3328.0 16716.0
-10904.0 -3020.0 17572.0
-15164.0 -3084.0 18088.0
-15352.0 -2456.0 17952.0
-15248.0 -1160.0 16272.0
-15684.0 680.0 13288.0
-15152.0 1148.0 12968.0
-13972.0 -396.0 14012.0
-13640.0 -968.0 14008.0
-8296.0 -1736.0 15032.0
-6964.0 -2168.0 15840.0
3572.0 -5992.0 22596.0
9392.0 -5856.0 26628.0
10080.0 -6248.0 27656.0
13432.0 -7436.0 26824.0
13440.0 -7296.0 26220.0
10904.0 -5972.0 22748.0
4212.0 -4368.0 21088.0
3272.0 -4064.0 21264.0
-1988.0 -2812.0 19548.0
-2588.0 -2764.0 19428.0
-7048.0 -3276.0 17424.0
-7976.0 -3596.0 17332.0
-13596.0 -3148.0 16396.0
-15624.0 -2668.0 16392.0
-15952.0 1152.0 11804.0
-14756.0 2100.0 10072.0
-14356.0 2736.0 9396.0
-14544.0 2600.0 9888.0
-12500.0 1672.0 11256.0
-11940.0 1384.0 11976.0
-5876.0 -2396.0 18096.0
-4020.0 -4048.0 23048.0
6056.0 -5320.0 29772.0
7292.0 -3596.0 31468.0
15124.0 -6896.0 32767.0
15572.0 -4672.0 28372.0
14552.0 -4412.0 26824.0
5040.0 -1664.0 18508.0
3608.0 -1148.0 17780.0
-5344.0 -1360.0 16620.0
-7472.0 -1948.0 14260.0
-10896.0 408.0 15064.0
-14916.0 -508.0 15428.0
-16108.0 -16.0 14948.0
-17884.0 380.0 15260.0
-17676.0 356.0 14408.0
-14008.0 2144.0 11692.0
-13584.0 1588.0 11932.0
-12716.0 -708.0 13148.0
-12144.0 -908.0 14264.0
-7436.0 -3336.0 17608.0
-1716.0 -6232.0 20636.0
6672.0 -8020.0 26796.0
10460.0 -8780.0 29192.0
15956.0 -9544.0 30772.0
19052.0 -10056.0 29588.0
18732.0 -9376.0 27396.0
16248.0 -8492.0 24224.0
10960.0 -7056.0 21252.0
6104.0 -5912.0 19848.0
-724.0 -4580.0 18528.0
-6244.0 -3532.0 16692.0
-9596.0 -1992.0 14948.0
-13388.0 -1240.0 16216.0
-18060.0 -392.0 16440.0
-18732.0 304.0 15448.0
-18064.0 1020.0 13600.0
-17256.0 2164.0 11132.0
-16168.0 1716.0 10476.0
-13904.0 372.0 11340.0
-10892.0 -1432.0 12824.0
-7056.0 -3260.0 15896.0
-1868.0 -6092.0 20860.0
6528.0 -7612.0 24272.0
11952.0 -8260.0 28988.0
14152.0 -8748.0 29988.0
21064.0 -9924.0 27732.0
20868.0 -9740.0 27168.0
13860.0 -8124.0 22600.0
11216.0 -7524.0 21256.0
3308.0 -5876.0 18856.0
-520.0 -4976.0 18548.0
-6100.0 -4996.0 18704.0
-15348.0 -2652.0 18192.0
-17344.0 -1768.0 17460.0
-19116.0 1472.0 16152.0
-17484.0 1528.0 14144.0
-14760.0 2732.0 8944.0
-14064.0 3612.0 7348.0
-13484.0 2608.0 7176.0
-10884.0 1180.0 9544.0
-10152.0 108.0 11624.0
-8484.0 -3080.0 18452.0
-5444.0 -5036.0 20920.0
6160.0 -6924.0 27888.0
12276.0 -7824.0 29196.0
19612.0 -9328.0 28532.0
22960.0 -9188.0 24032.0
23564.0 -9336.0 22724.0
21244.0 -9080.0 19028.0
18016.0 -8208.0 17532.0
11384.0 -6416.0 17712.0
7500.0 -6372.0 18904.0
308.0 -4220.0 17692.0
-5604.0 -2496.0 17488.0
-12532.0 -1400.0 15972.0
-15568.0 -496.0 15932.0
-18240.0 -588.0 16156.0
-17600.0 36.0 15212.0
-15852.0 1272.0 11620.0
-14688.0 1076.0 10980.0
-13504.0 660.0 11200.0
-13292.0 -192.0 12108.0
-11604.0 -1492.0 15032.0
-6864.0 -5476.0 22872.0
-4472.0 -5708.0 24076.0
1460.0 -6432.0 27752.0
10224.0 -9848.0 28680.0
12528.0 -9828.0 28384.0
16324.0 -9464.0 23028.0
17468.0 -9740.0 21816.0
16688.0 -9200.0 18728.0
14288.0 -8224.0 17052.0
11564.0 -7232.0 16304.0
6664.0 -7568.0 19884.0
4836.0 -7412.0 20400.0
-6960.0 -2316.0 18384.0
-8012.0 -1328.0 17776.0
-11620.0 -1860.0 18664.0
-18100.0 -656.0 18052.0
-18492.0 -740.0 17532.0
-16144.0 208.0 13824.0
-13992.0 1588.0 10464.0
-13544.0 2432.0 8876.0
-13716.0 1820.0 9476.0
-11920.0 132.0 11428.0
-10520.0 -1052.0 13608.0
-9196.0 -2948.0 16708.0
-5320.0 -4680.0 21032.0
2904.0 -7484.0 26416.0
3876.0 -7436.0 26988.0
9904.0 -8776.0 27984.0
13820.0 -8740.0 27332.0
16956.0 -9472.0 24656.0
15956.0 -8608.0 21456.0
15404.0 -8480.0 21004.0
11012.0 -7408.0 19276.0
8976.0 -7344.0 19320.0
2840.0 -6228.0 20436.0
-744.0 -5552.0 19860.0
-8456.0 -3448.0 17452.0
-10648.0 -2436.0 16348.0
-14668.0 -720.0 14464.0
-15820.0 -644.0 13980.0
-16192.0 360.0 12864.0
-17412.0 2132.0 9588.0
-17232.0 2548.0 8612.0
-15684.0 3008.0 8432.0
-15916.0 2728.0 9360.0
-15184.0 -1216.0 13036.0
-14072.0 -2304.0 13744.0
-9556.0 -6072.0 18768.0
2404.0 -12688.0 27016.0
5796.0 -13132.0 28548.0
17344.0 -13800.0 30556.0
17168.0 -13332.0 30140.0
17928.0 -12908.0 28136.0
14960.0 -11428.0 23528.0
13632.0 -11108.0 22792.0
7376.0 -7952.0 19788.0
1820.0 -7144.0 19208.0
-5684.0 -5896.0 17728.0
-10456.0 -3660.0 16356.0
-12864.0 -1960.0 15660.0
-13908.0 -1448.0 14848.0
-15228.0 -800.0 14712.0
-16416.0 240.0 13364.0
-15872.0 436.0 12856.0
-14188.0 2752.0 9020.0
-14984.0 3108.0 9660.0
-13936.0 616.0 11392.0
-12676.0 -564.0 12784.0
-10888.0 -2352.0 14660.0
-7948.0 -5184.0 17624.0
-2556.0 -8672.0 23260.0
5096.0 -11524.0 27048.0
8072.0 -9852.0 26740.0
7104.0 -9764.0 28228.0
13540.0 -12824.0 29504.0
17272.0 -13084.0 27428.0
13884.0 -9680.0 21940.0
13016.0 -9096.0 21384.0
7804.0 -7876.0 18460.0
5968.0 -7520.0 17748.0
-1840.0 -5316.0 16892.0
-9196.0 -4300.0 17264.0
-9708.0 -4244.0 16844.0
-12628.0 -1044.0 14196.0
-13172.0 -344.0 14232.0
-12156.0 848.0 13220.0
-11612.0 948.0 13088.0
-13220.0 2952.0 11096.0
-13664.0 3228.0 10552.0
-14488.0 1248.0 11596.0
-14516.0 1168.0 11876.0
-12808.0 -1068.0 13360.0
-10700.0 -2868.0 15820.0
-5332.0 -6908.0 20140.0
2220.0 -9228.0 25856.0
6700.0 -10476.0 28268.0
12784.0 -11792.0 29864.0
15364.0 -12460.0 29896.0
16740.0 -11796.0 26668.0
16488.0 -11240.0 24804.0
11332.0 -8552.0 21224.0
4948.0 -6608.0 18344.0
3548.0 -6544.0 17988.0
-5496.0 -4080.0 16628.0
-8156.0 -3400.0 15684.0
-10664.0 -2144.0 16688.0
-9024.0 -764.0 15480.0
-9172.0 -32.0 14808.0
-11056.0 2120.0 13108.0
-11152.0 2084.0 12832.0
-12336.0 4832.0 10952.0
-13968.0 4864.0 10260.0
-14488.0 2496.0 10724.0
-13980.0 1308.0 10860.0
-12872.0 -964.0 12276.0
-11072.0 -4384.0 16336.0
-7712.0 -7076.0 19912.0
3140.0 -10708.0 26532.0
8268.0 -12152.0 28796.0
11696.0 -12272.0 29864.0
17416.0 -13400.0 27808.0
17992.0 -13436.0 26880.0
13900.0 -10304.0 21480.0
12688.0 -9616.0 20720.0
7268.0 -7420.0 18384.0
-2384.0 -5536.0 16932.0
-5132.0 -4580.0 15840.0
-12456.0 -3148.0 14744.0
-15176.0 -3040.0 14980.0
-19716.0 -160.0 13956.0
-19548.0 12.0 13088.0
-16688.0 1744.0 10108.0
-13800.0 2544.0 9140.0
-13672.0 2036.0 9320.0
-11336.0 -588.0 11972.0
-9940.0 -1668.0 13472.0
-6604.0 -4112.0 17832.0
836.0 -7364.0 23484.0
1964.0 -7244.0 23920.0
6024.0 -9224.0 28432.0
8360.0 -10068.0 28956.0
17992.0 -12736.0 28440.0
18708.0 -12900.0 27440.0
17160.0 -11240.0 23988.0
11816.0 -8848.0 19080.0
8712.0 -7732.0 17716.0
700.0 -5520.0 15728.0
-4700.0 -3264.0 15472.0
-8752.0 -1940.0 14076.0
-11180.0 -1648.0 14052.0
-15004.0 -636.0 14500.0
-16132.0 -136.0 14260.0
-17144.0 664.0 12880.0
-16192.0 1208.0 11600.0
-14520.0 2880.0 9512.0
-13948.0 1856.0 10092.0
-12468.0 -1588.0 12688.0
-10044.0 -2856.0 14976.0
-5564.0 -5316.0 17856.0
-1180.0 -7284.0 23032.0
5244.0 -10036.0 26020.0
7560.0 -9784.0 27844.0
11848.0 -10160.0 27800.0
12468.0 -10616.0 27528.0
12800.0 -8912.0 23320.0
10908.0 -7732.0 21272.0
7444.0 -6460.0 19480.0
932.0 -5336.0 19028.0
-848.0 -5060.0 18744.0
-6212.0 -3792.0 17868.0
-7580.0 -3480.0 17884.0
-9312.0 -1652.0 16216.0
-10564.0 -560.0 14060.0
-11052.0 -180.0 13640.0
-11152.0 724.0 11912.0
-11076.0 724.0 11668.0
-12476.0 944.0 11400.0
-12340.0 1492.0 11368.0
-10820.0 304.0 11796.0
-9940.0 -112.0 12484.0
-4412.0 -2128.0 16036.0
-1800.0 -3080.0 18840.0
4900.0 -5392.0 24268.0
5708.0 -5172.0 24556.0
4604.0 -4780.0 26036.0
4096.0 -5608.0 26056.0
2884.0 -5272.0 24688.0
1936.0 -4736.0 23284.0
1804.0 -4636.0 22172.0
516.0 -3896.0 20372.0
-3056.0 -2376.0 17784.0
-3660.0 -2224.0 17508.0
-5136.0 -1076.0 16264.0
-6164.0 -876.0 16128.0
-6148.0 -880.0 16316.0
-6112.0 -540.0 16136.0
-4600.0 -156.0 15968.0
-4640.0 -184.0 15964.0
-7524.0 2044.0 16920.0
-7700.0 1656.0 17768.0
-8704.0 1904.0 17988.0
-5524.0 -1568.0 18984.0
-504.0 -3708.0 19268.0
14412.0 -5460.0 18248.0
25544.0 -9144.0 18024.0
26448.0 -9864.0 17788.0
20752.0 -8568.0 14952.0
17968.0 -7860.0 14968.0
1776.0 -5004.0 14704.0
-7012.0 -3732.0 15532.0
-15544.0 -448.0 14860.0
-22868.0 2956.0 14600.0
-22284.0 2820.0 14776.0
-19780.0 2692.0 13232.0
-18796.0 2904.0 11836.0
-16588.0 1956.0 11952.0
-14560.0 -880.0 13836.0
-13364.0 -1756.0 14400.0
-3616.0 -7868.0 20244.0
-876.0 -9192.0 22440.0
11404.0 -13064.0 28100.0
14728.0 -13480.0 28240.0
18356.0 -13604.0 27952.0
19432.0 -13088.0 27000.0
17472.0 -11912.0 23440.0
14772.0 -10096.0 21604.0
6956.0 -8156.0 19832.0
3128.0 -7988.0 20548.0
-3428.0 -7776.0 20936.0
-9464.0 -5260.0 19472.0
-16572.0 360.0 15544.0
-15508.0 868.0 15048.0
-15224.0 2360.0 13608.0
-14516.0 3596.0 11012.0
-14240.0 3868.0 10484.0
-14832.0 4948.0 9264.0
-15168.0 4776.0 9712.0
-13092.0 1012.0 12248.0
-12268.0 500.0 12772.0
-7404.0 -3868.0 17760.0
-3500.0 -6484.0 20684.0
13180.0 -13084.0 27436.0
17264.0 -12668.0 27600.0
16060.0 -12704.0 28228.0
15620.0 -13752.0 28860.0
11440.0 -10640.0 24860.0
9060.0 -9736.0 24068.0
3420.0 -8620.0 23288.0
716.0 -7836.0 22392.0
-5716.0 -6028.0 20428.0
-11484.0 -2256.0 16460.0
-11540.0 -2280.0 16040.0
-13192.0 456.0 11988.0
-13536.0 1716.0 11732.0
-13456.0 1028.0 12244.0
-13440.0 808.0 11956.0
-14208.0 1924.0 10692.0
-14856.0 2488.0 10908.0
-14636.0 1180.0 11312.0
-13600.0 -2060.0 13912.0
-12728.0 -2580.0 14840.0
-7820.0 -5712.0 17532.0
3956.0 -11288.0 24472.0
13760.0 -12728.0 26908.0
11840.0 -9948.0 26856.0
9892.0 -10604.0 27768.0
8028.0 -10176.0 26676.0
5664.0 -8388.0 25184.0
4832.0 -7288.0 24180.0
1704.0 -6092.0 22932.0
272.0 -6052.0 22700.0
-2468.0 -5296.0 20796.0
-6736.0 -2940.0 13332.0
-7300.0 -2736.0 13216.0
-14848.0 -148.0 9364.0
-18548.0 884.0 11056.0
-18520.0 880.0 11108.0
-16628.0 1620.0 9340.0
-15432.0 832.0 9444.0
-15192.0 784.0 9656.0
-12908.0 -1652.0 12788.0
-11196.0 -2568.0 14584.0
-1792.0 -6804.0 21296.0
3916.0 -8892.0 25312.0
9644.0 -9620.0 27296.0
10036.0 -9692.0 27144.0
13460.0 -11092.0 26468.0
15528.0 -11048.0 25332.0
14268.0 -8864.0 21820.0
12316.0 -7576.0 19964.0
9408.0 -6176.0 18728.0
5420.0 -5940.0 19620.0
-3256.0 -5344.0 18944.0
-4660.0 -4828.0 18496.0
-10928.0 -2328.0 16752.0
-13000.0 -2156.0 16260.0
-16064.0 4.0 13852.0
-16444.0 1428.0 12268.0
-16560.0 3388.0 9088.0
-17112.0 3540.0 8224.0
-16620.0 2984.0 8152.0
-11868.0 -80.0 10396.0
-10344.0 -1356.0 12264.0
860.0 -5220.0 20724.0
3000.0 -4788.0 22480.0
6364.0 -5624.0 27232.0
11240.0 -7280.0 31280.0
12328.0 -7772.0 31492.0
18288.0 -9728.0 28652.0
16420.0 -8876.0 27216.0
9280.0 -5864.0 22196.0
6516.0 -5968.0 21424.0
-96.0 -4760.0 18716.0
-8420.0 -4708.0 18116.0
-10000.0 -4400.0 17356.0
-11396.0 -1528.0 14744.0
-12232.0 -1020.0 14600.0
-13876.0 1716.0 12268.0
-12600.0 4016.0 9972.0
-12184.0 5068.0 8528.0
-12840.0 5752.0 7936.0
-13260.0 4480.0 8648.0
-13608.0 2020.0 10816.0
-15284.0 -24.0 13684.0
-15772.0 -3196.0 15904.0
-11164.0 -7124.0 19872.0
-5976.0 -9736.0 23208.0
5008.0 -12952.0 27404.0
8220.0 -12676.0 28772.0
14100.0 -13804.0 29220.0
19172.0 -14136.0 28204.0
20196.0 -13528.0 25084.0
16804.0 -11720.0 21780.0
12876.0 -10104.0 19804.0
8068.0 -8904.0 18648.0
3052.0 -8516.0 19700.0
-1568.0 -7160.0 19512.0
-9628.0 -3700.0 18640.0
-10984.0 -2132.0 19236.0
-18756.0 -1628.0 19496.0
-20584.0 -728.0 18564.0
-18856.0 3424.0 11472.0
-17236.0 4388.0 6012.0
-16816.0 4080.0 5880.0
-15804.0 2680.0 6352.0
-13232.0 -1112.0 10916.0
-12968.0 -1980.0 12180.0
-9780.0 -5252.0 20036.0
-6536.0 -7528.0 23036.0
7416.0 -12844.0 30396.0
9296.0 -13504.0 31952.0
14416.0 -15140.0 31592.0
16564.0 -15664.0 29384.0
20608.0 -13964.0 23948.0
14380.0 -9712.0 17356.0
11880.0 -8520.0 15916.0
-1092.0 432.0 8096.0
-3872.0 2624.0 8796.0
-17032.0 5092.0 11548.0
-17456.0 2840.0 13784.0
-16944.0 1404.0 16408.0
-11712.0 -2340.0 19308.0
-4980.0 -3976.0 18244.0
-4920.0 -3780.0 18184.0
-2044.0 -3964.0 17816.0
-1072.0 -3920.0 17420.0
-772.0 -3980.0 18304.0
92.0 -3332.0 18580.0
-972.0 -3664.0 18976.0
-360.0 -2892.0 19196.0
-676.0 -3048.0 18676.0
-2668.0 -2712.0 18508.0
-2164.0 -2660.0 19196.0
-1680.0 -3008.0 17796.0
-1864.0 -968.0 17592.0
-2180.0 -1840.0 17020.0
-2292.0 -1172.0 19680.0
-2188.0 -2128.0 17240.0
-1844.0 -1616.0 17752.0
-2276.0 -1592.0 17712.0
-2360.0 -1404.0 17824.0
-2224.0 -1524.0 17924.0
-1708.0 -1484.0 17792.0
-1880.0 -3436.0 14460.0
-3880.0 -2056.0 16460.0
-1676.0 -1872.0 17452.0
-1600.0 -2188.0 17740.0
-2320.0 -1356.0 17764.0
-2004.0 -844.0 18276.0
-1920.0 -1396.0 17664.0
-2356.0 -1408.0 17196.0
-1828.0 -1336.0 18036.0
-1540.0 -1700.0 17588.0
-2256.0 -1784.0 17984.0
-1980.0 -1504.0 17376.0
-2536.0 -1876.0 18124.0
-1932.0 -1304.0 17632.0
-2392.0 -1728.0 18028.0
-1688.0 -1836.0 17900.0
-2028.0 -1664.0 17692.0
-2004.0 -1556.0 17908.0
-2016.0 -1536.0 17528.0
-2540.0 -1644.0 17908.0
-1996.0 -1688.0 17760.0
-2132.0 -1844.0 17688.0
-1736.0 -1464.0 17672.0
