-2036.0 -1604.0 17148.0
-1940.0 -1424.0 17688.0
-2340.0 -1328.0 17808.0
-2364.0 -1312.0 18416.0
-3076.0 -1324.0 18152.0
-1448.0 -2216.0 17400.0
-792.0 -1896.0 17660.0
-1544.0 -1824.0 17792.0
-2216.0 -1536.0 17788.0
-2156.0 -1716.0 17836.0
-2428.0 -1352.0 17932.0
-2040.0 -1692.0 17680.0
-2216.0 -1708.0 17880.0
-2036.0 -1548.0 17752.0
-1812.0 -1628.0 17804.0
-1896.0 -1736.0 17756.0
-2180.0 -1580.0 17940.0
-2208.0 -1568.0 17772.0
-2104.0 -1384.0 17832.0
-2176.0 -1640.0 17728.0
-1916.0 -1560.0 17888.0
-2056.0 -1504.0 17832.0
-1720.0 -1456.0 17564.0
-2484.0 -1448.0 17888.0
-2300.0 -2116.0 17748.0
-1828.0 -1636.0 17672.0
-2484.0 -1596.0 17712.0
-2260.0 -1480.0 17852.0
-1620.0 -1656.0 17640.0
-1956.0 -1044.0 18552.0
-3048.0 -1348.0 17720.0
-1996.0 -1944.0 17680.0
-1952.0 -1480.0 17884.0
-2224.0 -1324.0 17832.0
-1976.0 -1404.0 17776.0
-2540.0 -1564.0 17892.0
-1200.0 -1516.0 17944.0
-1532.0 -1336.0 17768.0
-2680.0 -1640.0 17768.0
-2384.0 -2088.0 17920.0
-2692.0 -996.0 17904.0
-2468.0 -1264.0 17788.0
-1928.0 -1824.0 17624.0
-1820.0 -1592.0 17928.0
-2972.0 -1036.0 18676.0
-704.0 -1308.0 21608.0
-5412.0 -5084.0 16328.0
1100.0 -5344.0 19504.0
-2192.0 -4912.0 20452.0
-776.0 -3640.0 22772.0
-952.0 -3144.0 22360.0
-1156.0 -2604.0 22764.0
-552.0 -2520.0 23968.0
-384.0 -2468.0 23776.0
-556.0 -2356.0 24040.0
-860.0 -1376.0 24016.0
-188.0 -1936.0 22040.0
300.0 -1776.0 20968.0
60.0 -636.0 15868.0
228.0 -208.0 14084.0
544.0 384.0 10740.0
2608.0 2416.0 6488.0
2736.0 2700.0 6412.0
3160.0 2780.0 5836.0
2612.0 1920.0 3984.0
3052.0 1304.0 3288.0
3084.0 1076.0 4108.0
3288.0 752.0 8172.0
2760.0 316.0 10176.0
400.0 -1844.0 9248.0
-824.0 -796.0 11228.0
384.0 500.0 13916.0
-484.0 -1184.0 15808.0
-2076.0 -1912.0 16476.0
-4036.0 -3508.0 18852.0
-2820.0 -2648.0 20092.0
-2656.0 -2200.0 24080.0
-5216.0 -6252.0 32636.0
-5048.0 -6172.0 32767.0
-4676.0 -5660.0 32168.0
-5260.0 -1828.0 28180.0
-6056.0 -1412.0 27664.0
-4304.0 -2552.0 29512.0
-4392.0 -3584.0 29860.0
-4788.0 -3588.0 29232.0
-5640.0 -2940.0 30184.0
-5160.0 -3676.0 28800.0
-2160.0 -4268.0 26176.0
-1884.0 -2728.0 22112.0
-1720.0 -1772.0 19744.0
-896.0 -1564.0 17288.0
360.0 -1052.0 14360.0
1756.0 1040.0 13148.0
1816.0 672.0 11244.0
1660.0 696.0 9456.0
2124.0 2288.0 8576.0
2148.0 3108.0 7660.0
2756.0 3264.0 6460.0
3688.0 2444.0 7808.0
3880.0 2348.0 7224.0
3608.0 2524.0 6144.0
3136.0 3636.0 6660.0
3472.0 3256.0 6352.0
2792.0 1660.0 7776.0
2396.0 1788.0 8004.0
2112.0 1956.0 8580.0
980.0 -60.0 12068.0
548.0 456.0 12104.0
-268.0 1100.0 13592.0
704.0 1004.0 16092.0
668.0 1324.0 17992.0
-1332.0 -1580.0 19572.0
-1764.0 -992.0 18720.0
-368.0 1292.0 20284.0
-596.0 -1024.0 24020.0
-2432.0 -3680.0 24912.0
-3616.0 -3732.0 25392.0
-2896.0 -1232.0 27008.0
-1728.0 -3360.0 29156.0
-2296.0 -4556.0 29748.0
-3724.0 -4564.0 30520.0
-3288.0 -3232.0 29568.0
-2664.0 -2188.0 28204.0
-2060.0 -2264.0 26588.0
-1304.0 -2112.0 26536.0
-892.0 -2440.0 25408.0
-1348.0 -2128.0 24448.0
-2116.0 -500.0 23728.0
-916.0 180.0 22180.0
-892.0 -68.0 21196.0
-1140.0 -16.0 18804.0
-960.0 580.0 17320.0
-1040.0 1096.0 17732.0
1984.0 -108.0 14964.0
2724.0 60.0 14232.0
2268.0 1384.0 14104.0
1052.0 1768.0 12740.0
2312.0 688.0 12248.0
2308.0 1332.0 11592.0
1652.0 2308.0 10392.0
2076.0 2108.0 9844.0
2156.0 2276.0 9608.0
2540.0 2944.0 8764.0
2852.0 2700.0 9384.0
1940.0 2228.0 9352.0
1368.0 2060.0 10060.0
1524.0 1996.0 9416.0
3376.0 2356.0 12396.0
3204.0 2128.0 12792.0
2548.0 1200.0 12664.0
2000.0 296.0 15292.0
1596.0 996.0 15744.0
2004.0 2980.0 17448.0
2768.0 -244.0 18616.0
1180.0 780.0 20580.0
852.0 916.0 21204.0
-504.0 -3812.0 25720.0
-544.0 -3368.0 25848.0
-868.0 -1324.0 26072.0
-904.0 -1296.0 23636.0
-1748.0 -3028.0 27496.0
-1640.0 -2668.0 28320.0
-1900.0 -2244.0 29128.0
-2356.0 -2272.0 30068.0
-2480.0 -2220.0 30468.0
-2012.0 -2436.0 29616.0
-2532.0 -3108.0 29832.0
-3364.0 -3168.0 27876.0
-4588.0 -3092.0 27164.0
-4464.0 -3296.0 24676.0
-3088.0 -1864.0 21088.0
-2820.0 -1708.0 18112.0
-3044.0 -1532.0 17288.0
-2496.0 -1724.0 16616.0
-640.0 72.0 11588.0
676.0 2276.0 9956.0
2560.0 2552.0 6808.0
2948.0 3016.0 7416.0
3304.0 2984.0 6732.0
3288.0 3608.0 5556.0
3300.0 3676.0 5756.0
2872.0 3788.0 6380.0
3732.0 3624.0 6416.0
3328.0 3352.0 6576.0
2364.0 2976.0 7480.0
2128.0 2316.0 8400.0
2512.0 2620.0 9620.0
3352.0 2396.0 9164.0
2716.0 2096.0 11820.0
2372.0 1732.0 12360.0
1236.0 -316.0 15208.0
1032.0 628.0 16224.0
1024.0 1292.0 16804.0
-1064.0 452.0 20020.0
-2272.0 -508.0 21540.0
-3600.0 -976.0 21068.0
-2764.0 -728.0 23232.0
-3824.0 -2300.0 22768.0
-5968.0 -2924.0 23876.0
-2784.0 -1208.0 25064.0
-1428.0 -2204.0 25048.0
-2976.0 -3292.0 27172.0
-3148.0 -3032.0 26980.0
-588.0 -1796.0 25820.0
-800.0 -2076.0 25812.0
-888.0 -2220.0 26220.0
-1108.0 -2460.0 25940.0
-832.0 -2128.0 25720.0
-604.0 -1640.0 25840.0
-2048.0 -3060.0 27084.0
-3048.0 -3816.0 25724.0
-2696.0 -2688.0 23744.0
-2408.0 -560.0 21344.0
-2544.0 -1380.0 17944.0
-2488.0 -1512.0 17680.0
-1620.0 -1032.0 14896.0
-200.0 1292.0 13160.0
756.0 160.0 11512.0
884.0 832.0 10992.0
844.0 1396.0 10548.0
1256.0 2416.0 9648.0
1360.0 2472.0 9320.0
1744.0 2292.0 9388.0
2532.0 2984.0 7092.0
2984.0 3744.0 6308.0
2880.0 3924.0 6692.0
1752.0 988.0 8704.0
1828.0 684.0 8964.0
2196.0 516.0 8516.0
1736.0 2000.0 10556.0
1032.0 688.0 11452.0
344.0 -1436.0 13292.0
-2068.0 660.0 14736.0
1180.0 -1480.0 23152.0
1752.0 -1744.0 26320.0
1148.0 -2092.0 28756.0
-2324.0 -3376.0 29968.0
-376.0 -2156.0 28052.0
-296.0 -2248.0 27988.0
-452.0 -2472.0 27928.0
164.0 -1956.0 28152.0
280.0 -2148.0 28016.0
-440.0 -2324.0 28248.0
-440.0 -2652.0 27188.0
-976.0 -1708.0 24668.0
-1128.0 -1592.0 24260.0
-1032.0 -1764.0 23488.0
-84.0 -352.0 17856.0
112.0 76.0 17292.0
-1168.0 1556.0 12444.0
-892.0 1740.0 12392.0
100.0 1932.0 10344.0
1820.0 348.0 11648.0
2144.0 500.0 10956.0
1928.0 1476.0 10924.0
572.0 2316.0 11280.0
616.0 1904.0 10644.0
852.0 2040.0 10688.0
2224.0 2920.0 9680.0
2268.0 3176.0 9528.0
3492.0 2996.0 9260.0
3392.0 3176.0 9224.0
2916.0 3220.0 10060.0
2516.0 1844.0 12156.0
2408.0 1756.0 12340.0
664.0 1372.0 11892.0
892.0 2568.0 12980.0
2940.0 436.0 14908.0
1828.0 -1232.0 15464.0
-768.0 -904.0 17336.0
-888.0 -1176.0 17324.0
-1208.0 -860.0 18240.0
-2404.0 -1756.0 19904.0
-4512.0 -3332.0 22716.0
-4608.0 -2800.0 22836.0
-4148.0 -2480.0 22784.0
-4572.0 -5056.0 28644.0
-5444.0 -5040.0 29640.0
-7380.0 -4800.0 31164.0
-6096.0 -5540.0 31728.0
-5088.0 -4112.0 30328.0
-4220.0 -4072.0 28728.0
-3620.0 -4088.0 28152.0
-2796.0 -3468.0 26608.0
-2680.0 -2796.0 23520.0
-2244.0 -2880.0 22492.0
-1352.0 -1256.0 18408.0
-1036.0 -1008.0 17168.0
-576.0 -844.0 16396.0
-764.0 296.0 13116.0
-140.0 912.0 12036.0
-816.0 440.0 11516.0
16.0 44.0 10372.0
176.0 -16.0 10916.0
632.0 2040.0 9508.0
924.0 2988.0 9252.0
1628.0 3168.0 8828.0
3132.0 2416.0 9492.0
3180.0 2276.0 9488.0
3232.0 3548.0 8164.0
3708.0 3728.0 7972.0
3552.0 3636.0 8900.0
3048.0 2356.0 10936.0
3160.0 2320.0 11016.0
2732.0 1936.0 11364.0
2240.0 1196.0 12480.0
1160.0 892.0 13688.0
968.0 876.0 13916.0
-3068.0 -156.0 19096.0
-2172.0 -636.0 20480.0
-108.0 -2212.0 20284.0
-2240.0 -1828.0 20712.0
-988.0 -928.0 19984.0
-848.0 -1436.0 20596.0
-684.0 -2700.0 22512.0
-2392.0 -4048.0 22064.0
-2540.0 -3640.0 21712.0
-1188.0 -2256.0 20568.0
-2968.0 -3196.0 21556.0
-2936.0 -3264.0 21928.0
-2412.0 -3232.0 22200.0
-4452.0 -2528.0 24852.0
-4628.0 -3448.0 26088.0
-3916.0 -4508.0 27192.0
-4176.0 -4360.0 29060.0
-4184.0 -4424.0 29168.0
-3676.0 -4164.0 27864.0
-3568.0 -4240.0 27792.0
-3332.0 -4480.0 27332.0
-3988.0 -5084.0 25424.0
-2884.0 -3812.0 21908.0
-1132.0 -2800.0 19188.0
-1040.0 -3108.0 17244.0
-932.0 -2684.0 16460.0
-740.0 -2020.0 15152.0
280.0 132.0 12540.0
784.0 1484.0 10320.0
1480.0 1772.0 10316.0
3080.0 1972.0 8720.0
4008.0 3508.0 6888.0
4184.0 4148.0 6532.0
4544.0 4784.0 5728.0
5688.0 4912.0 4436.0
5756.0 5152.0 4224.0
6480.0 5304.0 3688.0
5844.0 5352.0 3960.0
5620.0 5048.0 4508.0
5056.0 4124.0 5064.0
4816.0 2624.0 7112.0
3664.0 2440.0 7808.0
2360.0 2180.0 9792.0
-1420.0 -548.0 15332.0
-1508.0 -492.0 15924.0
-2912.0 132.0 17700.0
-4764.0 1016.0 19040.0
-1976.0 220.0 20472.0
-2284.0 -1652.0 21888.0
-5544.0 -2428.0 22084.0
-4548.0 -1316.0 21808.0
-904.0 -1444.0 22460.0
-572.0 -2460.0 23624.0
-7008.0 -3752.0 25184.0
-5828.0 -2608.0 23764.0
-4476.0 -2380.0 24072.0
-3392.0 -4148.0 27556.0
-7636.0 -6164.0 28596.0
-6452.0 -4272.0 27388.0
-3932.0 -1708.0 27328.0
-3668.0 -3976.0 29540.0
-3716.0 -4248.0 30036.0
-3336.0 -4284.0 29808.0
-2364.0 -3764.0 27732.0
-2148.0 -1812.0 23096.0
-2220.0 -1672.0 22872.0
-1512.0 -1808.0 20496.0
268.0 -1040.0 17056.0
432.0 -1064.0 15380.0
32.0 -68.0 14212.0
152.0 1556.0 13508.0
380.0 1788.0 13408.0
588.0 1304.0 13508.0
836.0 1456.0 12540.0
1212.0 2656.0 12056.0
776.0 2732.0 12444.0
248.0 2312.0 12744.0
1652.0 2384.0 11656.0
2656.0 3828.0 10452.0
2976.0 4152.0 10620.0
3636.0 3284.0 9604.0
3784.0 4780.0 7116.0
3948.0 4724.0 6620.0
4440.0 4112.0 6228.0
3776.0 4048.0 5240.0
3436.0 3968.0 5760.0
4132.0 1512.0 6952.0
2448.0 -1248.0 9608.0
1088.0 -1724.0 10220.0
-1080.0 -592.0 10388.0
-900.0 1080.0 14532.0
-1044.0 -72.0 15916.0
-944.0 -1196.0 17828.0
-4720.0 -1616.0 21204.0
-3908.0 -1420.0 21688.0
-2860.0 -1720.0 23240.0
-2108.0 -2400.0 23596.0
-2960.0 -3608.0 24336.0
-2772.0 -4032.0 24080.0
-5304.0 -3160.0 23332.0
-4676.0 -4852.0 23880.0
-4744.0 -4764.0 24344.0
-5880.0 -5408.0 27300.0
-5996.0 -5212.0 28228.0
-6724.0 -5212.0 30492.0
-6364.0 -4988.0 30268.0
-5684.0 -4204.0 30248.0
-4676.0 -4296.0 30060.0
-4708.0 -4452.0 30172.0
-5192.0 -5820.0 30420.0
-5572.0 -6660.0 29464.0
-5968.0 -6704.0 26268.0
-5704.0 -6540.0 24088.0
-5580.0 -5648.0 20908.0
-3972.0 -4260.0 15460.0
-2360.0 -3548.0 11848.0
300.0 -1020.0 7552.0
760.0 -280.0 7036.0
3132.0 1868.0 3868.0
3412.0 2040.0 3616.0
3588.0 2444.0 3156.0
3536.0 4380.0 2156.0
3572.0 4208.0 2476.0
3580.0 3984.0 2776.0
3592.0 5164.0 4456.0
4572.0 4716.0 2912.0
4412.0 5164.0 3612.0
3136.0 3616.0 6712.0
3176.0 1676.0 6972.0
3108.0 1600.0 7772.0
416.0 -1236.0 13732.0
-324.0 -752.0 15208.0
-352.0 200.0 16752.0
424.0 2212.0 20556.0
-4988.0 -1628.0 21360.0
-5176.0 -528.0 21844.0
-1204.0 464.0 23888.0
-4056.0 -2436.0 22668.0
-4336.0 -2440.0 22824.0
-2132.0 -4916.0 24948.0
-2384.0 -5480.0 25384.0
-3444.0 -6740.0 26984.0
-4072.0 -3940.0 27904.0
-4596.0 -4848.0 29016.0
-5008.0 -5212.0 29228.0
-6120.0 -3732.0 30200.0
-7584.0 -3348.0 30800.0
-6896.0 -3848.0 30828.0
-4976.0 -4568.0 29988.0
-4580.0 -4460.0 28544.0
-4180.0 -4276.0 27104.0
-3088.0 -4536.0 22432.0
-2928.0 -4408.0 21984.0
-2400.0 -3800.0 20496.0
-1264.0 -1244.0 13560.0
-224.0 -1036.0 11580.0
784.0 -988.0 10552.0
2020.0 -96.0 8592.0
2176.0 744.0 7248.0
2652.0 1248.0 6516.0
2624.0 1716.0 6028.0
2592.0 1820.0 6312.0
2952.0 1520.0 7432.0
2948.0 1636.0 7016.0
3084.0 2304.0 7076.0
3320.0 3296.0 7884.0
3500.0 3236.0 8104.0
3920.0 3020.0 8884.0
2792.0 904.0 13108.0
2044.0 572.0 13288.0
1272.0 612.0 13520.0
-596.0 1600.0 15040.0
-1056.0 1392.0 15824.0
-1628.0 340.0 17068.0
-2108.0 20.0 18520.0
-2232.0 200.0 19396.0
-3116.0 -680.0 21936.0
-4436.0 -3976.0 25180.0
-4508.0 -2888.0 25388.0
-3428.0 -1592.0 26844.0
-5004.0 -3492.0 30128.0
-5324.0 -3940.0 31200.0
-4232.0 -4496.0 32616.0
-4012.0 -4112.0 31756.0
-3120.0 -3276.0 30544.0
-2656.0 -3460.0 29504.0
-2600.0 -3696.0 28364.0
-2848.0 -3960.0 27028.0
-2948.0 -2908.0 23160.0
-2804.0 -2488.0 21568.0
-2128.0 -1480.0 19144.0
-1108.0 -1152.0 18156.0
-884.0 -1320.0 15880.0
-64.0 -184.0 13440.0
1004.0 1152.0 12608.0
1716.0 1160.0 11332.0
1408.0 1388.0 10444.0
2440.0 1804.0 8984.0
2540.0 1920.0 8500.0
3748.0 4516.0 6104.0
4020.0 4692.0 6308.0
4464.0 4404.0 6276.0
4352.0 3832.0 6344.0
4424.0 4356.0 6024.0
4300.0 4580.0 6132.0
4760.0 4488.0 8384.0
4400.0 3976.0 9100.0
3860.0 3528.0 10304.0
1776.0 1744.0 13156.0
1032.0 2136.0 15456.0
1316.0 2248.0 16128.0
1216.0 1452.0 17384.0
296.0 -120.0 17956.0
-268.0 984.0 17796.0
-592.0 1580.0 18076.0
324.0 556.0 20072.0
148.0 -8.0 20400.0
-2408.0 -212.0 20784.0
-3052.0 152.0 20988.0
-2736.0 796.0 21916.0
-2624.0 -1156.0 25504.0
-3648.0 -2776.0 26432.0
-3832.0 -3360.0 28140.0
-3752.0 -3128.0 28848.0
-3944.0 -3308.0 28916.0
-3316.0 -3144.0 27820.0
-2832.0 -2888.0 26552.0
-1800.0 -1568.0 23612.0
-1328.0 -1512.0 22588.0
-740.0 -1644.0 20872.0
-964.0 -1892.0 18988.0
-664.0 -1632.0 18192.0
-608.0 -1388.0 17200.0
-232.0 -1088.0 16632.0
-28.0 -908.0 15692.0
236.0 -528.0 15624.0
1224.0 692.0 14196.0
1312.0 896.0 14312.0
1540.0 1136.0 14260.0
1944.0 2172.0 14232.0
2080.0 2264.0 14092.0
2768.0 2832.0 13536.0
3744.0 3408.0 12928.0
3992.0 3420.0 12920.0
3792.0 3540.0 12892.0
3196.0 3008.0 14048.0
2776.0 2688.0 14632.0
2400.0 2232.0 14852.0
1636.0 1460.0 14316.0
1912.0 1580.0 13316.0
2472.0 1548.0 13396.0
2320.0 952.0 13804.0
648.0 -1044.0 14368.0
404.0 -1048.0 14380.0
-432.0 -696.0 14440.0
-140.0 -696.0 15152.0
-232.0 -2216.0 17624.0
-772.0 -2628.0 18052.0
-2184.0 -2008.0 21732.0
-1776.0 -2024.0 22064.0
-1568.0 -2532.0 23112.0
-2408.0 -3816.0 27184.0
-3608.0 -2524.0 30044.0
-3716.0 -2388.0 30192.0
-4160.0 -2680.0 30460.0
-2960.0 -3348.0 30732.0
-2876.0 -3200.0 28352.0
-2244.0 -2860.0 26200.0
-1472.0 -2180.0 23076.0
-1404.0 -1616.0 21288.0
-1364.0 -1668.0 19992.0
-612.0 -1132.0 16984.0
-528.0 -860.0 16560.0
-332.0 -712.0 14860.0
-152.0 -380.0 14192.0
596.0 616.0 12616.0
664.0 632.0 12268.0
752.0 676.0 11996.0
932.0 1312.0 11752.0
1276.0 1572.0 12072.0
1652.0 1580.0 12028.0
1624.0 2028.0 12160.0
1628.0 2264.0 12592.0
2204.0 2552.0 12628.0
2736.0 3148.0 14008.0
2968.0 3232.0 14348.0
3336.0 3220.0 15160.0
3792.0 3232.0 15904.0
4020.0 3364.0 15680.0
4240.0 3436.0 15940.0
4204.0 3564.0 16188.0
3520.0 3096.0 16140.0
3544.0 3012.0 16336.0
2952.0 2280.0 16460.0
2800.0 2120.0 15696.0
2976.0 2452.0 15112.0
2628.0 2216.0 15532.0
2140.0 1320.0 15576.0
1152.0 1308.0 15332.0
32.0 1688.0 14772.0
-552.0 1540.0 15176.0
-1108.0 584.0 16112.0
-1216.0 480.0 16636.0
-1260.0 100.0 16732.0
-2280.0 -1076.0 17924.0
-616.0 -2220.0 19232.0
-468.0 -2540.0 19648.0
-1592.0 -2900.0 21468.0
-3664.0 -3704.0 24764.0
-3508.0 -2996.0 25616.0
-5580.0 -2548.0 31356.0
-6236.0 -2852.0 31644.0
-6576.0 -2732.0 32572.0
-3824.0 -2408.0 32767.0
-3996.0 -3004.0 32767.0
-4116.0 -3788.0 31396.0
-3792.0 -3708.0 29528.0
-3552.0 -3800.0 28288.0
-3720.0 -3684.0 25048.0
-2340.0 -3304.0 18964.0
-1492.0 -2436.0 15700.0
-1744.0 -2092.0 13416.0
-580.0 -1640.0 10288.0
1312.0 -380.0 8020.0
2056.0 172.0 6460.0
3004.0 1608.0 3728.0
2996.0 2132.0 3636.0
3424.0 2368.0 3396.0
3412.0 2660.0 3008.0
3388.0 2784.0 2784.0
3668.0 2928.0 2340.0
3576.0 4292.0 3560.0
3492.0 3688.0 5168.0
3328.0 2568.0 7492.0
1772.0 1336.0 11760.0
1180.0 2688.0 14388.0
924.0 2700.0 15176.0
-2248.0 1340.0 20892.0
-3424.0 256.0 21920.0
-748.0 812.0 22572.0
-880.0 656.0 22652.0
-1360.0 676.0 23076.0
-4704.0 432.0 22432.0
-1400.0 -248.0 22500.0
976.0 -888.0 22904.0
-2588.0 -3120.0 27060.0
-4228.0 -3136.0 27744.0
-4488.0 -3236.0 29464.0
-2096.0 -3740.0 32767.0
-3496.0 -4816.0 32767.0
-2832.0 -4520.0 32767.0
-1816.0 -3848.0 32432.0
-1760.0 -3416.0 29540.0
-2040.0 -3436.0 24520.0
-2012.0 -3188.0 23252.0
-1752.0 -2368.0 21020.0
-1444.0 -1320.0 15852.0
-1292.0 -844.0 14008.0
-376.0 44.0 11760.0
1392.0 1516.0 8636.0
1756.0 1776.0 7708.0
1924.0 1928.0 7268.0
2496.0 2152.0 5584.0
2560.0 3044.0 5092.0
3052.0 2804.0 4732.0
3304.0 2888.0 4120.0
3236.0 3244.0 5252.0
3280.0 3372.0 5672.0
2608.0 3260.0 7296.0
2628.0 3168.0 8640.0
2980.0 2688.0 10584.0
2976.0 1760.0 11416.0
2432.0 1792.0 11740.0
2856.0 3004.0 11900.0
3696.0 2616.0 14104.0
3064.0 1924.0 14908.0
616.0 2416.0 19372.0
484.0 2584.0 19288.0
148.0 2760.0 20444.0
-3428.0 -1600.0 24376.0
-3512.0 -1792.0 25212.0
-1852.0 -2112.0 27240.0
-1932.0 -2260.0 27424.0
-1648.0 -2960.0 26368.0
-752.0 -1800.0 24252.0
-1088.0 -1664.0 23372.0
-916.0 -1628.0 22596.0
-1072.0 -2180.0 20168.0
-892.0 -1676.0 20036.0
-280.0 -1832.0 18028.0
-912.0 -2852.0 17980.0
-1236.0 -3000.0 17804.0
-1508.0 -3004.0 17396.0
-1180.0 -3004.0 17772.0
-1496.0 -3716.0 18644.0
-1132.0 -3600.0 19588.0
-500.0 -996.0 32767.0
-4280.0 276.0 20728.0
-3056.0 -2108.0 16580.0
-3308.0 -2700.0 15600.0
-6864.0 -8656.0 14464.0
-256.0 -3780.0 16596.0
-1016.0 -3044.0 15456.0
-2524.0 -2388.0 15596.0
-1888.0 756.0 22504.0
-296.0 -3440.0 16808.0
-2932.0 -1040.0 18224.0
-2028.0 -1436.0 18028.0
-2300.0 -1544.0 17892.0
-2084.0 -1380.0 18212.0
-4248.0 -1484.0 18204.0
-1560.0 -464.0 19424.0
-1316.0 -2476.0 17192.0
-2324.0 -1052.0 18168.0
-2256.0 -1352.0 18352.0
-2112.0 -1752.0 17744.0
-2264.0 -1900.0 17696.0
-1936.0 -1512.0 17960.0
-1632.0 -1556.0 17632.0
-1948.0 -1624.0 17936.0
-1712.0 -1532.0 17492.0
-2032.0 -1416.0 18172.0
-2052.0 -1616.0 17748.0
-2048.0 -1300.0 17964.0
-2104.0 -1804.0 17584.0
-2036.0 -1492.0 17700.0
-1736.0 -1580.0 17768.0
-1772.0 -1620.0 17696.0
-2184.0 -1780.0 18340.0
-1600.0 -1096.0 18228.0
-1716.0 -1048.0 18240.0
-2256.0 -1604.0 17756.0
-1780.0 -1572.0 17684.0
-1824.0 -1572.0 17888.0
-2164.0 -1464.0 17924.0
-1940.0 -1772.0 17700.0
-1672.0 -1700.0 17592.0
-1440.0 -1580.0 17724.0
-1852.0 -1616.0 17612.0
-2164.0 -1712.0 17948.0
-2312.0 -1364.0 17936.0
-2136.0 -1192.0 17912.0
-1916.0 -1576.0 17788.0
-1920.0 -1840.0 17944.0
-1960.0 -1808.0 17784.0
-2008.0 -1804.0 17852.0
-2204.0 -1432.0 18020.0
-2280.0 -1708.0 17864.0
-1856.0 -1604.0 17588.0
-1696.0 -1544.0 17748.0
-1672.0 -1540.0 17916.0
-1732.0 -1656.0 17748.0
-2116.0 -1828.0 17888.0
-2060.0 -1264.0 18060.0
-2036.0 -1172.0 18020.0
-1972.0 -1736.0 17836.0
-1904.0 -1700.0 17728.0
-1824.0 -1628.0 17724.0
-1948.0 -1616.0 17840.0
-1928.0 -1580.0 17892.0
-2096.0 -1676.0 17788.0
-1996.0 -1392.0 17900.0
-1956.0 -1780.0 17964.0
-2188.0 -1248.0 18020.0
-1820.0 -1096.0 17928.0
-2196.0 -2100.0 17500.0
-1480.0 -1516.0 17860.0
-2564.0 -2340.0 18808.0
-1584.0 -1108.0 17352.0
-1740.0 -1612.0 18336.0
-2476.0 -2192.0 17536.0
-1796.0 -980.0 17884.0
-1624.0 -1024.0 18336.0
-1908.0 -1620.0 18284.0
-2192.0 -1808.0 17848.0
-1864.0 -1136.0 17748.0
-2104.0 -1936.0 17568.0
-1912.0 -1836.0 17788.0
-1992.0 -1464.0 17552.0
-1964.0 -1568.0 17544.0
-2348.0 -1744.0 17700.0
-1956.0 -1700.0 17644.0
-1972.0 -1564.0 17592.0
-2180.0 -1728.0 17696.0
-2024.0 -1824.0 17924.0
-1856.0 -1432.0 17768.0
-2016.0 -1456.0 17904.0
-2068.0 -1508.0 17816.0
-2244.0 -1668.0 17804.0
-2228.0 -1580.0 17840.0
-1776.0 -1608.0 17884.0
-1756.0 -1628.0 17828.0
-2060.0 -1600.0 17708.0
-1952.0 -1636.0 17812.0
-1972.0 -1484.0 17884.0
-1896.0 -1624.0 17692.0
-2036.0 -1632.0 17736.0
-1984.0 -1420.0 17776.0
-2100.0 -1352.0 17880.0
-1884.0 -1664.0 17688.0
-1872.0 -1716.0 17780.0
-1792.0 -1452.0 17736.0
-2008.0 -1360.0 18128.0
-2180.0 -1676.0 17808.0
-2192.0 -1476.0 17996.0
-2044.0 -1552.0 17808.0
-2012.0 -1548.0 17944.0
-1724.0 -1656.0 17636.0
-1788.0 -1516.0 17776.0
-1812.0 -1492.0 17848.0
-1892.0 -1404.0 17744.0
-2244.0 -1516.0 17792.0
-2044.0 -1408.0 17852.0
-2020.0 -1524.0 17756.0
-2020.0 -1560.0 17720.0
-1908.0 -1672.0 17248.0
-1976.0 -1740.0 17736.0
-1828.0 -1432.0 18000.0
-2168.0 -1656.0 17988.0
-2256.0 -1720.0 17624.0
-1940.0 -1332.0 17792.0
-1972.0 -1512.0 17884.0
-2076.0 -1580.0 17816.0
-1944.0 -1668.0 17784.0
-1980.0 -1572.0 17676.0
-1860.0 -1420.0 17708.0
-1892.0 -1356.0 17852.0
